1.27854e+05	5.85131e+03	6.48378e+01	1.40189e+06
2.66700e+04	8.16043e+02	8.12220e+00	2.82983e+05
2.25327e+04	5.15845e+02	4.24473e+00	2.34730e+05
2.28209e+04	4.66218e+02	3.71083e+00	2.36582e+05
2.23941e+04	4.57441e+02	3.57880e+00	2.32094e+05
2.22450e+04	4.61109e+02	3.58556e+00	2.30647e+05
2.20631e+04	4.68630e+02	3.63216e+00	2.28950e+05
2.18845e+04	4.79691e+02	3.70685e+00	2.27349e+05
2.43459e+04	5.09846e+02	4.00674e+00	2.52564e+05
2.22039e+04	5.19872e+02	4.00454e+00	2.31243e+05
2.32471e+04	4.56793e+01	2.59053e+00	2.35518e+05
2.01545e+04	8.67128e+01	2.25235e+00	2.04664e+05
2.00233e+04	1.24746e+02	2.32390e+00	2.03804e+05
1.98122e+04	1.60321e+02	2.41737e+00	2.02143e+05
1.96578e+04	1.92975e+02	2.53383e+00	2.01041e+05
1.95037e+04	2.20711e+02	2.65681e+00	1.99901e+05
1.94111e+04	2.44321e+02	2.78388e+00	1.99338e+05
1.93961e+04	2.66395e+02	2.92144e+00	1.99546e+05
1.93483e+04	2.85513e+02	3.05880e+00	1.99397e+05
1.93002e+04	3.03370e+02	3.18713e+00	1.99223e+05
1.85200e+04	2.78859e+01	1.85038e+00	1.87329e+05
1.83236e+04	5.78060e+01	1.81536e+00	1.85630e+05
1.81315e+04	8.39406e+01	1.88262e+00	1.84037e+05
1.73941e+04	1.04545e+02	1.92840e+00	1.76914e+05
1.72397e+04	1.24323e+02	2.03459e+00	1.75675e+05
1.71391e+04	1.41191e+02	2.14002e+00	1.74943e+05
1.70949e+04	1.55181e+02	2.24963e+00	1.74751e+05
1.70287e+04	1.68630e+02	2.35812e+00	1.74332e+05
1.69533e+04	1.80408e+02	2.45437e+00	1.73791e+05
1.63808e+04	1.88760e+02	2.51336e+00	1.68209e+05
1.58479e+04	1.77051e+01	1.37223e+00	1.60029e+05
1.54524e+04	3.68976e+01	1.37405e+00	1.56267e+05
1.54502e+04	5.45067e+01	1.45826e+00	1.56505e+05
1.50293e+04	6.93274e+01	1.52557e+00	1.52512e+05
1.49724e+04	8.27943e+01	1.62530e+00	1.52177e+05
1.49106e+04	9.50198e+01	1.72488e+00	1.51781e+05
1.48599e+04	1.05363e+02	1.81633e+00	1.51469e+05
1.49170e+04	1.14568e+02	1.90996e+00	1.52226e+05
1.48887e+04	1.23429e+02	1.99893e+00	1.52120e+05
1.53345e+04	1.32700e+02	2.10935e+00	1.56781e+05
1.48776e+04	1.40958e+01	1.16611e+00	1.50084e+05
1.42832e+04	2.91618e+01	1.17934e+00	1.44303e+05
1.42367e+04	4.15908e+01	1.24107e+00	1.44024e+05
1.41489e+04	5.30850e+01	1.32394e+00	1.43344e+05
1.45642e+04	6.42302e+01	1.44269e+00	1.47727e+05
1.45045e+04	7.36037e+01	1.53496e+00	1.47316e+05
1.44459e+04	8.14190e+01	1.62148e+00	1.46894e+05
1.44147e+04	8.91441e+01	1.70792e+00	1.46746e+05
1.54278e+04	9.80214e+01	1.84802e+00	1.57107e+05
1.54350e+04	1.05156e+02	1.93963e+00	1.57342e+05
1.50226e+04	1.22714e+01	1.06734e+00	1.51416e+05
1.49387e+04	2.38403e+01	1.09719e+00	1.50723e+05
1.48981e+04	3.45194e+01	1.17764e+00	1.50504e+05
1.48273e+04	4.34420e+01	1.25757e+00	1.49965e+05
1.48268e+04	5.14120e+01	1.35220e+00	1.50134e+05
1.48197e+04	5.84668e+01	1.44078e+00	1.50222e+05
1.47802e+04	6.45512e+01	1.52082e+00	1.49968e+05
1.47825e+04	7.04184e+01	1.60006e+00	1.50129e+05
1.47649e+04	7.53053e+01	1.67404e+00	1.50076e+05
1.47374e+04	7.96576e+01	1.74277e+00	1.49913e+05
1.43800e+04	9.56633e+00	9.16860e-01	1.44813e+05
1.43278e+04	1.79971e+01	9.63258e-01	1.44421e+05
1.42666e+04	2.55561e+01	1.03624e+00	1.43958e+05
1.42377e+04	3.23094e+01	1.12091e+00	1.43821e+05
1.41657e+04	3.78636e+01	1.19376e+00	1.43230e+05
1.41079e+04	4.27361e+01	1.26676e+00	1.42773e+05
1.40684e+04	4.69598e+01	1.33790e+00	1.42491e+05
1.40303e+04	5.06480e+01	1.40309e+00	1.42212e+05
1.40108e+04	5.39416e+01	1.46442e+00	1.42112e+05
1.39754e+04	5.68260e+01	1.52149e+00	1.41844e+05
1.60098e+04	8.49704e+00	9.04543e-01	1.61087e+05
1.59391e+04	1.60020e+01	9.60795e-01	1.60512e+05
1.58285e+04	2.21823e+01	1.03679e+00	1.59543e+05
1.57401e+04	2.74993e+01	1.11667e+00	1.58793e+05
1.56844e+04	3.23186e+01	1.19571e+00	1.58363e+05
1.56572e+04	3.65823e+01	1.27411e+00	1.58212e+05
1.56183e+04	4.01279e+01	1.34389e+00	1.57928e+05
1.55787e+04	4.32918e+01	1.40882e+00	1.57629e+05
1.55669e+04	4.63867e+01	1.47287e+00	1.57606e+05
1.55289e+04	4.88936e+01	1.52777e+00	1.57306e+05
1.52015e+04	6.86819e+00	7.92436e-01	1.52877e+05
1.51205e+04	1.25990e+01	8.41245e-01	1.52172e+05
1.20073e+04	1.59860e+01	7.79980e-01	1.21013e+05
1.19225e+04	1.96127e+01	8.32802e-01	1.20254e+05
1.18938e+04	2.26624e+01	8.90555e-01	1.20055e+05
1.18708e+04	2.52926e+01	9.44365e-01	1.19906e+05
1.18477e+04	2.75615e+01	9.93857e-01	1.19746e+05
1.18290e+04	2.96416e+01	1.04272e+00	1.19629e+05
1.18324e+04	3.17462e+01	1.09025e+00	1.19731e+05
1.18250e+04	3.33730e+01	1.13017e+00	1.19714e+05
1.16017e+04	4.93325e+00	5.79917e-01	1.16647e+05
1.16285e+04	9.12209e+00	6.27090e-01	1.17003e+05
1.15709e+04	1.28271e+01	6.82941e-01	1.16520e+05
1.15352e+04	1.62764e+01	7.42414e-01	1.16258e+05
1.15104e+04	1.92725e+01	7.98581e-01	1.16095e+05
1.14915e+04	2.18687e+01	8.51370e-01	1.15985e+05
1.14717e+04	2.39436e+01	8.96929e-01	1.15853e+05
1.14487e+04	2.59671e+01	9.42309e-01	1.15689e+05
1.14281e+04	2.76467e+01	9.82283e-01	1.15540e+05
1.14109e+04	2.90908e+01	1.02000e+00	1.15420e+05
