2.54537e+05	2.67476e+04	1.38264e+02	2.95111e+06
2.66396e+04	2.85726e+03	1.88185e+01	3.13787e+05
2.35654e+04	1.53786e+03	8.16737e+00	2.59200e+05
2.31274e+04	1.14457e+03	5.88516e+00	2.48605e+05
2.27525e+04	9.84008e+02	5.04477e+00	2.42410e+05
2.26334e+04	9.11952e+02	4.67747e+00	2.40131e+05
2.23800e+04	8.71572e+02	4.46477e+00	2.36981e+05
2.21808e+04	8.50993e+02	4.34493e+00	2.34663e+05
2.20377e+04	8.38795e+02	4.28267e+00	2.33048e+05
2.00218e+04	7.97590e+02	3.88292e+00	2.12076e+05
1.86945e+04	1.15203e+02	2.58445e+00	1.90682e+05
1.98869e+04	2.04338e+02	2.84174e+00	2.03754e+05
1.98416e+04	2.58982e+02	2.84007e+00	2.03846e+05
1.96342e+04	2.94486e+02	2.83760e+00	2.02124e+05
1.95472e+04	3.22523e+02	2.88487e+00	2.01582e+05
1.94407e+04	3.47697e+02	2.92192e+00	2.00806e+05
1.93390e+04	3.67060e+02	2.96446e+00	2.00025e+05
1.89009e+04	3.82193e+02	2.94396e+00	1.95775e+05
1.88372e+04	3.96258e+02	2.98027e+00	1.95315e+05
1.87718e+04	4.06975e+02	3.01610e+00	1.94804e+05
1.60316e+04	6.82567e+01	1.78204e+00	1.62781e+05
1.76953e+04	1.28912e+02	2.19878e+00	1.80440e+05
1.41418e+04	1.35380e+02	1.63219e+00	1.44404e+05
1.40365e+04	1.49284e+02	1.62040e+00	1.43478e+05
1.39711e+04	1.61908e+02	1.64834e+00	1.42978e+05
1.39201e+04	1.73832e+02	1.68825e+00	1.42628e+05
1.39079e+04	1.84865e+02	1.73309e+00	1.42661e+05
1.38914e+04	1.94251e+02	1.77564e+00	1.42632e+05
1.39493e+04	2.03746e+02	1.84880e+00	1.43379e+05
1.39312e+04	2.09556e+02	1.88791e+00	1.43295e+05
1.33832e+04	4.31292e+01	1.25207e+00	1.35515e+05
1.33218e+04	7.05866e+01	1.30319e+00	1.35227e+05
1.32242e+04	8.54208e+01	1.33403e+00	1.34430e+05
1.31858e+04	9.67308e+01	1.37661e+00	1.34202e+05
1.31363e+04	1.05905e+02	1.41585e+00	1.33837e+05
1.31186e+04	1.13114e+02	1.45644e+00	1.33773e+05
1.30793e+04	1.19806e+02	1.49744e+00	1.33489e+05
1.30620e+04	1.27022e+02	1.54297e+00	1.33433e+05
1.30724e+04	1.32332e+02	1.58504e+00	1.33633e+05
1.30332e+04	1.37851e+02	1.61691e+00	1.33327e+05
1.25991e+04	3.14987e+01	1.03804e+00	1.27344e+05
1.25610e+04	5.14590e+01	1.14044e+00	1.27265e+05
1.24420e+04	6.25644e+01	1.17622e+00	1.26221e+05
1.24354e+04	7.04445e+01	1.21407e+00	1.26273e+05
1.24379e+04	7.80572e+01	1.26193e+00	1.26422e+05
1.35967e+04	9.33776e+01	1.49037e+00	1.38391e+05
1.30153e+04	9.99076e+01	1.48663e+00	1.32639e+05
1.30467e+04	1.06375e+02	1.53732e+00	1.33068e+05
1.30317e+04	1.10129e+02	1.56717e+00	1.32986e+05
1.30024e+04	1.13280e+02	1.59462e+00	1.32751e+05
1.25717e+04	2.72895e+01	1.01322e+00	1.27004e+05
1.24334e+04	4.03252e+01	1.06128e+00	1.25799e+05
1.23882e+04	4.87688e+01	1.11457e+00	1.25484e+05
1.43965e+04	6.47217e+01	1.45583e+00	1.46068e+05
1.43306e+04	7.32331e+01	1.52291e+00	1.45561e+05
1.44569e+04	8.09378e+01	1.61438e+00	1.46993e+05
1.44211e+04	8.68937e+01	1.65757e+00	1.46737e+05
1.43946e+04	9.18870e+01	1.70225e+00	1.46567e+05
1.43934e+04	9.60769e+01	1.74072e+00	1.46635e+05
1.43652e+04	1.00091e+02	1.77349e+00	1.46427e+05
1.19788e+04	2.06569e+01	8.82898e-01	1.20877e+05
1.19047e+04	3.23408e+01	9.60326e-01	1.20331e+05
1.18618e+04	4.01714e+01	1.01568e+00	1.20035e+05
1.18431e+04	4.51451e+01	1.05589e+00	1.19938e+05
1.18167e+04	4.91133e+01	1.09301e+00	1.19751e+05
1.17882e+04	5.33139e+01	1.13287e+00	1.19548e+05
1.17741e+04	5.71433e+01	1.17021e+00	1.19483e+05
1.17577e+04	5.97631e+01	1.20081e+00	1.19375e+05
1.17444e+04	6.28187e+01	1.23188e+00	1.19304e+05
1.17116e+04	6.50269e+01	1.25864e+00	1.19025e+05
1.13949e+04	1.75331e+01	7.80297e-01	1.14904e+05
1.13994e+04	2.61024e+01	8.49351e-01	1.15104e+05
1.13530e+04	3.05153e+01	8.95317e-01	1.14731e+05
1.13140e+04	3.37515e+01	9.28683e-01	1.14406e+05
1.13212e+04	3.72961e+01	9.72323e-01	1.14558e+05
1.13055e+04	3.99252e+01	1.00446e+00	1.14458e+05
1.12836e+04	4.20822e+01	1.03224e+00	1.14289e+05
1.12752e+04	4.46506e+01	1.06353e+00	1.14262e+05
1.12772e+04	4.65824e+01	1.08819e+00	1.14326e+05
1.12657e+04	4.86404e+01	1.11012e+00	1.14253e+05
1.09962e+04	1.36349e+01	6.83224e-01	1.10781e+05
1.09442e+04	1.90499e+01	7.33579e-01	1.10366e+05
1.09243e+04	2.19607e+01	7.74722e-01	1.10238e+05
1.09053e+04	2.42914e+01	8.09881e-01	1.10106e+05
1.08948e+04	2.61081e+01	8.39046e-01	1.10048e+05
1.08739e+04	2.77137e+01	8.65652e-01	1.09882e+05
1.08592e+04	2.91472e+01	8.91233e-01	1.09774e+05
1.08584e+04	3.06108e+01	9.16572e-01	1.09807e+05
1.08803e+04	3.18421e+01	9.40424e-01	1.10062e+05
1.08676e+04	3.30696e+01	9.61404e-01	1.09968e+05
1.06456e+04	9.48874e+00	5.87497e-01	1.07138e+05
1.05861e+04	1.42774e+01	6.42652e-01	1.06647e+05
1.06048e+04	1.70181e+01	6.86718e-01	1.06905e+05
1.06045e+04	1.90234e+01	7.21326e-01	1.06957e+05
1.05970e+04	2.07870e+01	7.54523e-01	1.06932e+05
1.05843e+04	2.22782e+01	7.82751e-01	1.06848e+05
1.05608e+04	2.35695e+01	8.04950e-01	1.06648e+05
1.05524e+04	2.47083e+01	8.26213e-01	1.06597e+05
1.05349e+04	2.57234e+01	8.46517e-01	1.06453e+05
1.05288e+04	2.67304e+01	8.66123e-01	1.06422e+05
