2.67181e+05	4.14873e+04	1.83761e+02	3.27045e+06
1.14614e+05	1.26931e+04	5.28582e+01	1.32593e+06
1.12012e+05	1.06645e+04	4.19522e+01	1.26872e+06
1.11152e+05	1.02413e+04	3.96191e+01	1.25355e+06
1.10338e+05	1.01348e+04	3.88261e+01	1.24355e+06
1.09690e+05	1.01252e+04	3.84277e+01	1.23658e+06
1.08873e+05	1.01254e+04	3.81972e+01	1.22818e+06
1.08093e+05	1.01559e+04	3.81212e+01	1.22061e+06
1.07033e+05	1.00845e+04	3.77526e+01	1.20893e+06
1.06202e+05	1.00714e+04	3.76141e+01	1.20034e+06
8.50036e+04	2.73040e+03	2.88857e+01	9.06225e+05
8.31572e+04	3.90014e+03	2.91883e+01	8.99762e+05
8.37363e+04	4.38870e+03	2.87866e+01	9.10037e+05
8.30702e+04	4.62505e+03	2.82150e+01	9.05168e+05
8.26043e+04	4.78879e+03	2.78552e+01	9.01786e+05
8.12823e+04	4.87477e+03	2.73224e+01	8.88893e+05
8.10396e+04	4.97376e+03	2.72682e+01	8.87401e+05
8.05967e+04	5.05754e+03	2.72015e+01	8.83744e+05
8.03760e+04	5.13282e+03	2.72377e+01	8.82326e+05
8.01896e+04	5.20571e+03	2.73147e+01	8.81268e+05
6.69748e+04	1.47875e+03	1.96919e+01	7.04228e+05
5.81083e+04	1.91856e+03	1.80985e+01	6.18367e+05
5.75511e+04	2.12988e+03	1.79024e+01	6.14713e+05
5.70993e+04	2.25316e+03	1.77155e+01	6.11240e+05
5.70492e+04	2.35371e+03	1.76461e+01	6.11675e+05
5.67456e+04	2.42978e+03	1.75744e+01	6.09328e+05
5.64845e+04	2.49898e+03	1.75723e+01	6.07407e+05
5.62870e+04	2.56146e+03	1.76190e+01	6.06104e+05
5.61297e+04	2.61603e+03	1.76570e+01	6.05115e+05
5.60361e+04	2.66869e+03	1.77361e+01	6.04784e+05
4.85815e+04	8.11249e+02	1.25388e+01	5.06466e+05
4.34250e+04	1.07129e+03	1.21289e+01	4.57092e+05
4.32428e+04	1.19350e+03	1.21142e+01	4.56477e+05
4.28865e+04	1.27347e+03	1.20532e+01	4.53653e+05
4.25306e+04	1.32263e+03	1.19761e+01	4.50508e+05
4.23768e+04	1.37104e+03	1.19840e+01	4.49462e+05
4.22364e+04	1.40818e+03	1.19912e+01	4.48437e+05
4.21423e+04	1.44630e+03	1.20316e+01	4.47917e+05
4.20900e+04	1.48035e+03	1.20840e+01	4.47788e+05
4.20589e+04	1.51333e+03	1.21564e+01	4.47879e+05
3.74248e+04	4.86666e+02	8.51676e+00	3.87631e+05
3.77367e+04	7.14788e+02	9.55410e+00	3.94069e+05
3.74733e+04	8.06279e+02	9.64601e+00	3.92442e+05
3.70987e+04	8.57404e+02	9.57862e+00	3.89140e+05
3.69394e+04	8.98096e+02	9.56035e+00	3.87935e+05
3.68720e+04	9.36027e+02	9.60169e+00	3.87682e+05
3.69275e+04	9.69029e+02	9.66868e+00	3.88634e+05
3.67373e+04	9.95075e+02	9.69699e+00	3.87020e+05
3.66785e+04	1.02324e+03	9.75270e+00	3.86770e+05
3.65941e+04	1.04576e+03	9.78474e+00	3.86183e+05
3.30397e+04	3.45603e+02	6.77717e+00	3.40630e+05
3.30775e+04	5.00914e+02	7.55372e+00	3.43338e+05
3.31158e+04	5.67254e+02	7.74344e+00	3.44574e+05
3.29785e+04	6.04410e+02	7.75146e+00	3.43581e+05
3.29188e+04	6.39154e+02	7.78846e+00	3.43368e+05
3.28264e+04	6.67534e+02	7.81743e+00	3.42757e+05
3.28026e+04	6.91164e+02	7.87843e+00	3.42816e+05
3.26386e+04	7.10062e+02	7.90886e+00	3.41395e+05
3.25454e+04	7.25714e+02	7.91776e+00	3.40629e+05
3.24682e+04	7.41934e+02	7.95424e+00	3.40055e+05
2.95956e+04	2.46452e+02	5.38827e+00	3.03809e+05
2.96613e+04	3.60435e+02	6.11642e+00	3.06334e+05
2.96775e+04	4.11995e+02	6.30149e+00	3.07196e+05
2.96054e+04	4.45216e+02	6.39161e+00	3.06898e+05
2.94452e+04	4.72567e+02	6.45658e+00	3.05635e+05
2.93257e+04	4.91655e+02	6.47435e+00	3.04648e+05
2.92498e+04	5.05559e+02	6.48904e+00	3.04042e+05
2.91907e+04	5.21220e+02	6.52091e+00	3.03640e+05
2.91282e+04	5.33888e+02	6.53793e+00	3.03159e+05
2.90786e+04	5.46420e+02	6.56446e+00	3.02815e+05
2.68110e+04	1.88389e+02	4.42346e+00	2.74417e+05
2.65588e+04	2.84835e+02	5.05299e+00	2.73490e+05
2.64466e+04	3.25867e+02	5.19745e+00	2.72922e+05
2.63971e+04	3.47507e+02	5.23118e+00	2.72678e+05
2.63838e+04	3.67545e+02	5.28348e+00	2.72797e+05
2.63229e+04	3.83386e+02	5.32892e+00	2.72392e+05
2.62931e+04	3.93858e+02	5.34593e+00	2.72215e+05
2.63286e+04	4.06083e+02	5.38998e+00	2.72736e+05
2.62529e+04	4.13264e+02	5.39586e+00	2.72058e+05
2.62167e+04	4.21511e+02	5.43524e+00	2.71818e+05
2.43426e+04	1.46460e+02	3.62861e+00	2.48519e+05
2.42485e+04	2.15283e+02	4.14321e+00	2.48781e+05
2.42643e+04	2.42343e+02	4.30430e+00	2.49370e+05
2.42057e+04	2.59068e+02	4.37776e+00	2.49025e+05
2.41517e+04	2.70823e+02	4.42704e+00	2.48652e+05
2.42399e+04	2.86738e+02	4.54602e+00	2.49812e+05
2.43155e+04	2.99767e+02	4.62803e+00	2.50781e+05
2.43143e+04	3.09434e+02	4.66444e+00	2.50902e+05
2.43967e+04	3.17763e+02	4.72127e+00	2.51866e+05
2.43127e+04	3.23434e+02	4.73152e+00	2.51092e+05
2.27290e+04	1.16636e+02	3.15043e+00	2.31607e+05
2.25227e+04	1.64391e+02	3.51842e+00	2.30389e+05
2.23904e+04	1.85070e+02	3.64716e+00	2.29402e+05
2.23531e+04	1.97278e+02	3.72325e+00	2.29227e+05
2.23407e+04	2.07117e+02	3.78000e+00	2.29258e+05
2.22835e+04	2.13471e+02	3.80118e+00	2.28771e+05
2.22268e+04	2.20044e+02	3.83607e+00	2.28304e+05
2.22072e+04	2.25749e+02	3.86200e+00	2.28192e+05
2.21765e+04	2.30539e+02	3.88764e+00	2.27958e+05
2.21564e+04	2.37198e+02	3.93162e+00	2.27868e+05
