4.72240e+05	3.95580e+04	3.64084e+02	5.48207e+06
2.21452e+05	1.60420e+04	1.52671e+02	2.52761e+06
2.17492e+05	1.44372e+04	1.32506e+02	2.45180e+06
2.18109e+05	1.47626e+04	1.29185e+02	2.45790e+06
2.15788e+05	1.51424e+04	1.26629e+02	2.43593e+06
2.15018e+05	1.56490e+04	1.25861e+02	2.43253e+06
2.13458e+05	1.60030e+04	1.25156e+02	2.41977e+06
2.12096e+05	1.63079e+04	1.24658e+02	2.40869e+06
2.11601e+05	1.66116e+04	1.24772e+02	2.40690e+06
2.09623e+05	1.67984e+04	1.24106e+02	2.38832e+06
1.66520e+05	5.21704e+03	9.24684e+01	1.80984e+06
1.70417e+05	7.22819e+03	9.48697e+01	1.87132e+06
1.69748e+05	8.15503e+03	9.40109e+01	1.87304e+06
1.69796e+05	8.81003e+03	9.37824e+01	1.87984e+06
1.68055e+05	9.28371e+03	9.28615e+01	1.86625e+06
1.66991e+05	9.70036e+03	9.25492e+01	1.85946e+06
1.65862e+05	1.00389e+04	9.22530e+01	1.85126e+06
1.65378e+05	1.03630e+04	9.23301e+01	1.84974e+06
1.65266e+05	1.06698e+04	9.27958e+01	1.85215e+06
1.64257e+05	1.08865e+04	9.27239e+01	1.84416e+06
1.32667e+05	3.30134e+03	6.74270e+01	1.42711e+06
9.26570e+04	3.17129e+03	4.52546e+01	1.00354e+06
9.21987e+04	3.46662e+03	4.45548e+01	1.00121e+06
9.14780e+04	3.70766e+03	4.41708e+01	9.96027e+05
9.07219e+04	3.91241e+03	4.39060e+01	9.90249e+05
9.00025e+04	4.10208e+03	4.38005e+01	9.84846e+05
8.94993e+04	4.27173e+03	4.38241e+01	9.81535e+05
8.90948e+04	4.41061e+03	4.38592e+01	9.78914e+05
8.89838e+04	4.54191e+03	4.40755e+01	9.79332e+05
8.85991e+04	4.65119e+03	4.41653e+01	9.76669e+05
7.58875e+04	1.48415e+03	3.31489e+01	8.06866e+05
7.63727e+04	2.04275e+03	3.39715e+01	8.18126e+05
7.58629e+04	2.32064e+03	3.37272e+01	8.15563e+05
7.57141e+04	2.53027e+03	3.37653e+01	8.16209e+05
7.52228e+04	2.70002e+03	3.36790e+01	8.12907e+05
7.47703e+04	2.84583e+03	3.36143e+01	8.09776e+05
7.42357e+04	2.97648e+03	3.36005e+01	8.05722e+05
7.40207e+04	3.09543e+03	3.36944e+01	8.04856e+05
7.36722e+04	3.20113e+03	3.37680e+01	8.02501e+05
7.34128e+04	3.30004e+03	3.39237e+01	8.01052e+05
6.39979e+04	1.03045e+03	2.53556e+01	6.75639e+05
6.54169e+04	1.46405e+03	2.65304e+01	6.95340e+05
6.48563e+04	1.67787e+03	2.63466e+01	6.91688e+05
6.34521e+04	1.81377e+03	2.57799e+01	6.78439e+05
6.30084e+04	1.94182e+03	2.56740e+01	6.75177e+05
6.26113e+04	2.05538e+03	2.57115e+01	6.72378e+05
6.23361e+04	2.16045e+03	2.57990e+01	6.70764e+05
6.21838e+04	2.25029e+03	2.59174e+01	6.70259e+05
6.20191e+04	2.33109e+03	2.60478e+01	6.69549e+05
6.18379e+04	2.40602e+03	2.62021e+01	6.68641e+05
5.46946e+04	7.26644e+02	1.92982e+01	5.73511e+05
5.52182e+04	1.01964e+03	2.00086e+01	5.82388e+05
5.56742e+04	1.21570e+03	2.04414e+01	5.89340e+05
5.56196e+04	1.35339e+03	2.05870e+01	5.90317e+05
5.57101e+04	1.47072e+03	2.07401e+01	5.92548e+05
5.50791e+04	1.55722e+03	2.06472e+01	5.87010e+05
5.47298e+04	1.64495e+03	2.07238e+01	5.84471e+05
5.44369e+04	1.71847e+03	2.08067e+01	5.82361e+05
5.41804e+04	1.78501e+03	2.08635e+01	5.80518e+05
5.41754e+04	1.85317e+03	2.10642e+01	5.81350e+05
4.85930e+04	5.33688e+02	1.54868e+01	5.06753e+05
4.90705e+04	7.71284e+02	1.62101e+01	5.14628e+05
4.87797e+04	9.16463e+02	1.61943e+01	5.13156e+05
4.86045e+04	1.02634e+03	1.61860e+01	5.12495e+05
4.82258e+04	1.11537e+03	1.61639e+01	5.09575e+05
4.80772e+04	1.19753e+03	1.62348e+01	5.08982e+05
4.80145e+04	1.27248e+03	1.63635e+01	5.09233e+05
4.75540e+04	1.32752e+03	1.63317e+01	5.05147e+05
4.74008e+04	1.38285e+03	1.64140e+01	5.04250e+05
4.76522e+04	1.44319e+03	1.66400e+01	5.07594e+05
4.30859e+04	3.90798e+02	1.21349e+01	4.46902e+05
4.30092e+04	5.74652e+02	1.24858e+01	4.48325e+05
4.25786e+04	6.80662e+02	1.24118e+01	4.45005e+05
4.21521e+04	7.60733e+02	1.23674e+01	4.41496e+05
4.18441e+04	8.29872e+02	1.23816e+01	4.39121e+05
4.17156e+04	8.95284e+02	1.24835e+01	4.38593e+05
4.15782e+04	9.51322e+02	1.25648e+01	4.37860e+05
4.14464e+04	1.00346e+03	1.26675e+01	4.37166e+05
4.11955e+04	1.04859e+03	1.27153e+01	4.35157e+05
4.10822e+04	1.09109e+03	1.28036e+01	4.34536e+05
3.76769e+04	2.79934e+02	9.31895e+00	3.88887e+05
3.72106e+04	4.17290e+02	9.54081e+00	3.85820e+05
3.70226e+04	5.03892e+02	9.63517e+00	3.84900e+05
3.67447e+04	5.72115e+02	9.66320e+00	3.82832e+05
3.65305e+04	6.32430e+02	9.73797e+00	3.81367e+05
3.63689e+04	6.86445e+02	9.82825e+00	3.80382e+05
3.61598e+04	7.32546e+02	9.88848e+00	3.78812e+05
3.59901e+04	7.73825e+02	9.94991e+00	3.77589e+05
3.58141e+04	8.12106e+02	1.00302e+01	3.76292e+05
3.60046e+04	8.57028e+02	1.02599e+01	3.78876e+05
3.32412e+04	2.09227e+02	7.44498e+00	3.41949e+05
3.29947e+04	3.14858e+02	7.69881e+00	3.40794e+05
3.27951e+04	3.87540e+02	7.79945e+00	3.39625e+05
3.25278e+04	4.43231e+02	7.80505e+00	3.37515e+05
3.21928e+04	4.87170e+02	7.79476e+00	3.34594e+05
3.20572e+04	5.30554e+02	7.88074e+00	3.33758e+05
3.18941e+04	5.69384e+02	7.96886e+00	3.32604e+05
3.18095e+04	6.04310e+02	8.06665e+00	3.32205e+05
3.17887e+04	6.36651e+02	8.16258e+00	3.32416e+05
3.16146e+04	6.63521e+02	8.20531e+00	3.30986e+05
