1.45289e+05	1.92979e+04	8.02916e+01	1.72617e+06
3.44307e+04	4.88435e+03	7.37902e+00	4.00529e+05
3.44871e+04	3.97041e+03	5.07239e+00	3.89648e+05
3.44672e+04	3.77388e+03	4.71095e+00	3.87122e+05
3.40794e+04	3.70602e+03	4.57648e+00	3.82431e+05
3.39698e+04	3.68857e+03	4.59350e+00	3.81177e+05
3.39109e+04	3.67520e+03	4.66857e+00	3.80530e+05
3.37997e+04	3.68310e+03	4.74300e+00	3.79571e+05
3.36863e+04	3.67828e+03	4.84107e+00	3.78487e+05
3.35182e+04	3.68289e+03	4.92501e+00	3.76936e+05
2.85892e+04	6.42445e+02	5.50323e+00	2.97820e+05
2.58464e+04	1.10202e+03	3.58889e+00	2.73073e+05
2.48739e+04	1.33804e+03	2.99853e+00	2.65118e+05
2.44622e+04	1.48140e+03	2.84033e+00	2.62276e+05
2.42600e+04	1.56571e+03	2.82374e+00	2.61081e+05
2.41600e+04	1.61712e+03	2.87076e+00	2.60642e+05
2.40136e+04	1.65729e+03	2.92311e+00	2.59632e+05
2.38910e+04	1.68852e+03	2.98337e+00	2.58779e+05
2.37878e+04	1.71098e+03	3.04044e+00	2.58029e+05
2.37676e+04	1.73279e+03	3.10999e+00	2.58114e+05
2.12489e+04	3.02932e+02	3.08138e+00	2.18599e+05
2.00912e+04	5.35964e+02	2.23474e+00	2.08506e+05
2.00560e+04	6.83423e+02	2.05882e+00	2.09453e+05
1.98971e+04	7.75998e+02	2.02136e+00	2.08752e+05
1.97538e+04	8.35110e+02	2.04354e+00	2.07932e+05
1.96211e+04	8.74072e+02	2.08604e+00	2.07037e+05
1.95670e+04	9.05895e+02	2.13951e+00	2.06869e+05
1.95824e+04	9.36502e+02	2.21634e+00	2.07406e+05
1.94911e+04	9.57715e+02	2.27262e+00	2.06760e+05
1.94069e+04	9.72575e+02	2.31799e+00	2.06113e+05
1.78919e+04	1.65063e+02	2.01686e+00	1.82586e+05
1.73873e+04	2.97206e+02	1.61132e+00	1.78456e+05
1.71119e+04	3.65180e+02	1.51295e+00	1.76284e+05
1.69114e+04	4.11400e+02	1.51870e+00	1.74747e+05
1.68004e+04	4.46277e+02	1.54987e+00	1.74016e+05
1.67165e+04	4.71302e+02	1.58914e+00	1.73467e+05
1.66810e+04	4.90627e+02	1.63958e+00	1.73356e+05
1.66091e+04	5.06442e+02	1.68698e+00	1.72842e+05
1.65790e+04	5.19053e+02	1.73427e+00	1.72715e+05
1.65175e+04	5.28320e+02	1.77940e+00	1.72237e+05
1.56022e+04	8.75706e+01	1.34953e+00	1.58248e+05
1.55849e+04	1.68386e+02	1.20655e+00	1.58740e+05
1.52495e+04	2.08868e+02	1.16160e+00	1.55745e+05
1.51497e+04	2.36606e+02	1.19984e+00	1.55062e+05
1.50557e+04	2.53173e+02	1.24359e+00	1.54332e+05
1.49750e+04	2.66266e+02	1.29013e+00	1.53703e+05
1.49165e+04	2.76171e+02	1.33648e+00	1.53263e+05
1.48555e+04	2.84431e+02	1.38324e+00	1.52782e+05
1.47926e+04	2.95007e+02	1.42651e+00	1.52302e+05
1.47652e+04	3.01479e+02	1.47290e+00	1.52140e+05
1.41858e+04	4.92503e+01	9.93252e-01	1.43344e+05
1.38643e+04	8.91279e+01	8.92419e-01	1.40426e+05
1.38204e+04	1.14829e+02	9.15977e-01	1.40268e+05
1.37337e+04	1.29708e+02	9.55850e-01	1.39590e+05
1.36594e+04	1.40158e+02	9.97543e-01	1.38993e+05
1.36091e+04	1.48712e+02	1.04007e+00	1.38618e+05
1.35644e+04	1.55226e+02	1.07970e+00	1.38276e+05
1.35272e+04	1.60977e+02	1.11710e+00	1.37999e+05
1.34913e+04	1.66152e+02	1.15500e+00	1.37729e+05
1.34689e+04	1.70884e+02	1.18995e+00	1.37588e+05
1.30676e+04	2.87082e+01	7.36654e-01	1.31699e+05
1.29750e+04	5.06040e+01	7.10185e-01	1.30966e+05
1.29120e+04	6.17444e+01	7.37915e-01	1.30475e+05
1.28841e+04	7.03071e+01	7.83469e-01	1.30328e+05
1.28376e+04	7.73142e+01	8.27072e-01	1.29976e+05
1.27920e+04	8.24161e+01	8.63023e-01	1.29607e+05
1.27463e+04	8.59811e+01	8.98883e-01	1.29222e+05
1.27122e+04	8.96719e+01	9.34069e-01	1.28952e+05
1.26995e+04	9.28846e+01	9.67886e-01	1.28892e+05
1.26757e+04	9.57006e+01	1.00025e+00	1.28715e+05
1.23919e+04	1.52148e+01	5.80909e-01	1.24652e+05
1.19840e+04	2.82135e+01	5.73868e-01	1.20696e+05
1.19336e+04	3.56679e+01	6.05632e-01	1.20298e+05
1.19153e+04	4.08900e+01	6.43804e-01	1.20206e+05
1.18970e+04	4.52782e+01	6.84507e-01	1.20107e+05
1.18766e+04	4.94445e+01	7.22691e-01	1.19983e+05
1.18424e+04	5.29203e+01	7.60773e-01	1.19714e+05
1.18146e+04	5.59608e+01	7.95412e-01	1.19501e+05
1.17907e+04	5.90092e+01	8.28690e-01	1.19326e+05
1.17576e+04	6.21032e+01	8.60965e-01	1.19058e+05
1.15487e+04	9.91643e+00	4.79642e-01	1.16066e+05
1.14974e+04	1.75782e+01	4.89699e-01	1.15640e+05
1.14590e+04	2.28864e+01	5.22403e-01	1.15341e+05
1.14179e+04	2.63051e+01	5.58359e-01	1.15000e+05
1.14012e+04	2.92561e+01	5.97215e-01	1.14901e+05
1.13936e+04	3.15833e+01	6.30981e-01	1.14883e+05
1.13759e+04	3.39444e+01	6.65905e-01	1.14764e+05
1.13547e+04	3.62958e+01	6.96210e-01	1.14606e+05
1.13564e+04	3.84900e+01	7.27032e-01	1.14676e+05
1.13427e+04	4.06294e+01	7.52279e-01	1.14585e+05
1.11687e+04	6.35225e+00	4.03783e-01	1.12154e+05
1.11421e+04	1.08022e+01	4.26982e-01	1.11956e+05
1.11212e+04	1.41303e+01	4.62461e-01	1.11816e+05
1.10973e+04	1.63853e+01	4.97055e-01	1.11634e+05
1.09618e+04	1.86478e+01	5.27702e-01	1.10332e+05
1.09410e+04	2.04982e+01	5.60316e-01	1.10175e+05
1.09129e+04	2.21095e+01	5.89297e-01	1.09940e+05
1.08809e+04	2.36029e+01	6.16755e-01	1.09662e+05
1.08762e+04	2.50253e+01	6.42647e-01	1.09655e+05
1.08638e+04	2.66890e+01	6.67692e-01	1.09572e+05
