2.78137e+05	3.65344e+04	2.16276e+02	3.36299e+06
1.24098e+05	1.29052e+04	6.56332e+01	1.43566e+06
1.36446e+05	1.16057e+04	6.11705e+01	1.54169e+06
1.36041e+05	1.14164e+04	5.91639e+01	1.53373e+06
1.33590e+05	1.13838e+04	5.75440e+01	1.50728e+06
1.32861e+05	1.14565e+04	5.70132e+01	1.50019e+06
1.32554e+05	1.15466e+04	5.67780e+01	1.49778e+06
1.34511e+05	1.17953e+04	5.76286e+01	1.52069e+06
1.33616e+05	1.18717e+04	5.74159e+01	1.51230e+06
1.26027e+05	1.15077e+04	5.45039e+01	1.42985e+06
9.56394e+04	3.25620e+03	3.95758e+01	1.02853e+06
8.82766e+04	4.35855e+03	3.78235e+01	9.64175e+05
8.72831e+04	4.76603e+03	3.68532e+01	9.57345e+05
8.27154e+04	4.80795e+03	3.45525e+01	9.09786e+05
8.05979e+04	4.85128e+03	3.33951e+01	8.87887e+05
8.03660e+04	4.94713e+03	3.32002e+01	8.86331e+05
8.01847e+04	5.03766e+03	3.31476e+01	8.85372e+05
8.00305e+04	5.11980e+03	3.31654e+01	8.84668e+05
8.55049e+04	5.45287e+03	3.54673e+01	9.45045e+05
7.96245e+04	5.31326e+03	3.34119e+01	8.82790e+05
7.07288e+04	1.81509e+03	2.65910e+01	7.52030e+05
6.65831e+04	2.42466e+03	2.63236e+01	7.16401e+05
6.60700e+04	2.65279e+03	2.60252e+01	7.13253e+05
6.57172e+04	2.77605e+03	2.57278e+01	7.10661e+05
6.63354e+04	2.89852e+03	2.58964e+01	7.18236e+05
6.61611e+04	2.98944e+03	2.58590e+01	7.17364e+05
6.59218e+04	3.05634e+03	2.58638e+01	7.15645e+05
6.44465e+04	3.08278e+03	2.54022e+01	7.00695e+05
6.43993e+04	3.13852e+03	2.54329e+01	7.00812e+05
6.42844e+04	3.19277e+03	2.54689e+01	7.00241e+05
5.46764e+04	1.06651e+03	1.84312e+01	5.75861e+05
5.50776e+04	1.47324e+03	1.97279e+01	5.85236e+05
5.50497e+04	1.63834e+03	1.98388e+01	5.86719e+05
5.50077e+04	1.75057e+03	1.99629e+01	5.87545e+05
5.42085e+04	1.80262e+03	1.97393e+01	5.79850e+05
5.41829e+04	1.84990e+03	1.97269e+01	5.80055e+05
5.39484e+04	1.89859e+03	1.97155e+01	5.78185e+05
5.38442e+04	1.95007e+03	1.98071e+01	5.77750e+05
5.36573e+04	1.98818e+03	1.98347e+01	5.76289e+05
5.35219e+04	2.02187e+03	1.98810e+01	5.75319e+05
4.65051e+04	6.97825e+02	1.41340e+01	4.86163e+05
4.62148e+04	9.85342e+02	1.52531e+01	4.87255e+05
4.61430e+04	1.10158e+03	1.54712e+01	4.87917e+05
4.60504e+04	1.16957e+03	1.55212e+01	4.87721e+05
4.58913e+04	1.21926e+03	1.55585e+01	4.86664e+05
4.57375e+04	1.26073e+03	1.55796e+01	4.85562e+05
4.56446e+04	1.29714e+03	1.56410e+01	4.85059e+05
4.55763e+04	1.32554e+03	1.56856e+01	4.84704e+05
4.54756e+04	1.35281e+03	1.57203e+01	4.84004e+05
4.53896e+04	1.37880e+03	1.57574e+01	4.83441e+05
3.99744e+04	4.88522e+02	1.10323e+01	4.15662e+05
4.00160e+04	6.95333e+02	1.21815e+01	4.19295e+05
4.00949e+04	7.68640e+02	1.24434e+01	4.21078e+05
3.99041e+04	8.08860e+02	1.24913e+01	4.19621e+05
3.98431e+04	8.44308e+02	1.25979e+01	4.19472e+05
3.96559e+04	8.73683e+02	1.26231e+01	4.17918e+05
3.95736e+04	8.97906e+02	1.26945e+01	4.17410e+05
3.95103e+04	9.25099e+02	1.27772e+01	4.17131e+05
3.92715e+04	9.46921e+02	1.28066e+01	4.14991e+05
3.91658e+04	9.65738e+02	1.28522e+01	4.14168e+05
3.49325e+04	3.53002e+02	8.87245e+00	3.61728e+05
3.49542e+04	4.95409e+02	9.85994e+00	3.64356e+05
3.47768e+04	5.51315e+02	1.00499e+01	3.63331e+05
3.46685e+04	5.86549e+02	1.01427e+01	3.62694e+05
3.44869e+04	6.11316e+02	1.01812e+01	3.61163e+05
3.47628e+04	6.38736e+02	1.03520e+01	3.64368e+05
3.48243e+04	6.63278e+02	1.04739e+01	3.65349e+05
3.47170e+04	6.85388e+02	1.05293e+01	3.64553e+05
3.46862e+04	7.01052e+02	1.05682e+01	3.64441e+05
3.46119e+04	7.15139e+02	1.06015e+01	3.63872e+05
3.11368e+04	2.65863e+02	7.22162e+00	3.21249e+05
3.06519e+04	3.66424e+02	7.94863e+00	3.18132e+05
3.05070e+04	4.04143e+02	8.09649e+00	3.17208e+05
3.03723e+04	4.26699e+02	8.17876e+00	3.16169e+05
3.02757e+04	4.44194e+02	8.22171e+00	3.15420e+05
3.01815e+04	4.62407e+02	8.28591e+00	3.14725e+05
3.01195e+04	4.75502e+02	8.31861e+00	3.14268e+05
3.00716e+04	4.86172e+02	8.34609e+00	3.13924e+05
3.03592e+04	4.98820e+02	8.47297e+00	3.17054e+05
3.04384e+04	5.12475e+02	8.57665e+00	3.18086e+05
2.76931e+04	1.96753e+02	5.85244e+00	2.84751e+05
2.75957e+04	2.72865e+02	6.51055e+00	2.85196e+05
2.75390e+04	3.00250e+02	6.70396e+00	2.85096e+05
2.74456e+04	3.18254e+02	6.80365e+00	2.84442e+05
2.73997e+04	3.29071e+02	6.84723e+00	2.84135e+05
2.73377e+04	3.38329e+02	6.87563e+00	2.83636e+05
2.72846e+04	3.48471e+02	6.92447e+00	2.83255e+05
2.72265e+04	3.58502e+02	6.97983e+00	2.82830e+05
2.71947e+04	3.67624e+02	7.02645e+00	2.82650e+05
2.71756e+04	3.74073e+02	7.05414e+00	2.82551e+05
2.49988e+04	1.46494e+02	4.78166e+00	2.56235e+05
2.51492e+04	2.05656e+02	5.40339e+00	2.58951e+05
2.49767e+04	2.26477e+02	5.53850e+00	2.57570e+05
2.49234e+04	2.38151e+02	5.61348e+00	2.57229e+05
2.48701e+04	2.47238e+02	5.67198e+00	2.56845e+05
2.48115e+04	2.54307e+02	5.71817e+00	2.56376e+05
2.47932e+04	2.61139e+02	5.76490e+00	2.56308e+05
2.49924e+04	2.69879e+02	5.86509e+00	2.58488e+05
2.49564e+04	2.76116e+02	5.90842e+00	2.58234e+05
2.49433e+04	2.81758e+02	5.94896e+00	2.58200e+05
