2.80887e+05	1.49101e+04	1.93073e+02	3.15105e+06
1.20579e+05	3.35459e+03	6.24031e+01	1.30174e+06
1.13011e+05	2.56105e+03	5.20803e+01	1.20780e+06
1.14800e+05	2.50938e+03	5.17689e+01	1.22486e+06
1.14376e+05	2.53052e+03	5.16650e+01	1.22073e+06
1.13718e+05	2.59032e+03	5.17242e+01	1.21481e+06
1.16895e+05	2.71701e+03	5.34624e+01	1.24958e+06
1.12551e+05	2.72750e+03	5.22345e+01	1.20501e+06
1.12390e+05	2.78272e+03	5.25052e+01	1.20423e+06
1.09465e+05	2.78945e+03	5.16907e+01	1.17424e+06
9.46512e+04	9.47456e+02	3.56098e+01	9.91596e+05
9.07713e+04	1.23396e+03	3.63870e+01	9.56440e+05
8.98397e+04	1.38042e+03	3.68619e+01	9.49063e+05
8.46526e+04	1.42462e+03	3.52827e+01	8.96055e+05
8.42359e+04	1.50211e+03	3.53868e+01	8.92766e+05
8.39284e+04	1.57539e+03	3.55762e+01	8.90614e+05
8.36278e+04	1.64547e+03	3.58355e+01	8.88568e+05
8.35180e+04	1.71095e+03	3.61380e+01	8.88427e+05
8.32641e+04	1.76940e+03	3.63551e+01	8.86690e+05
8.29561e+04	1.82319e+03	3.65578e+01	8.84351e+05
7.27729e+04	6.39305e+02	2.52976e+01	7.59420e+05
7.33183e+04	8.63370e+02	2.71546e+01	7.68971e+05
7.27220e+04	9.71942e+02	2.75335e+01	7.64473e+05
7.22379e+04	1.05381e+03	2.78092e+01	7.60726e+05
7.19295e+04	1.12454e+03	2.80186e+01	7.58559e+05
7.17085e+04	1.18834e+03	2.82566e+01	7.57225e+05
7.16413e+04	1.24912e+03	2.85490e+01	7.57453e+05
7.14815e+04	1.30339e+03	2.87957e+01	7.56645e+05
7.13031e+04	1.35031e+03	2.90022e+01	7.55537e+05
7.12453e+04	1.39605e+03	2.92411e+01	7.55655e+05
6.30798e+04	4.85129e+02	2.02201e+01	6.55869e+05
6.26568e+04	6.63357e+02	2.14605e+01	6.54662e+05
5.44097e+04	6.76285e+02	1.90235e+01	5.69883e+05
5.40328e+04	7.21834e+02	1.90484e+01	5.66594e+05
5.39506e+04	7.65142e+02	1.92102e+01	5.66367e+05
5.36842e+04	8.05531e+02	1.93518e+01	5.64250e+05
5.34696e+04	8.41874e+02	1.94736e+01	5.62588e+05
5.33755e+04	8.74263e+02	1.96073e+01	5.62105e+05
5.31644e+04	9.04411e+02	1.97285e+01	5.60417e+05
5.25388e+04	9.28181e+02	1.97123e+01	5.54383e+05
4.72554e+04	3.25288e+02	1.36994e+01	4.89507e+05
5.54483e+04	5.14435e+02	1.75254e+01	5.77152e+05
5.50309e+04	5.91928e+02	1.79088e+01	5.74137e+05
5.47976e+04	6.48135e+02	1.81315e+01	5.72588e+05
5.47770e+04	6.97860e+02	1.83598e+01	5.73109e+05
4.83890e+04	6.80768e+02	1.64783e+01	5.07176e+05
4.82111e+04	7.07022e+02	1.64584e+01	5.05640e+05
4.82657e+04	7.37618e+02	1.66085e+01	5.06642e+05
4.81321e+04	7.63772e+02	1.67097e+01	5.05669e+05
4.80730e+04	7.88141e+02	1.68221e+01	5.05433e+05
4.34497e+04	2.64580e+02	1.16325e+01	4.48776e+05
4.34306e+04	3.59995e+02	1.23616e+01	4.50267e+05
4.32290e+04	4.11616e+02	1.26439e+01	4.49050e+05
4.29692e+04	4.49784e+02	1.28047e+01	4.46995e+05
4.28723e+04	4.82471e+02	1.29650e+01	4.46513e+05
4.27441e+04	5.11493e+02	1.30933e+01	4.45649e+05
4.25479e+04	5.39249e+02	1.32267e+01	4.44098e+05
4.23964e+04	5.64605e+02	1.33452e+01	4.42956e+05
4.22711e+04	5.87778e+02	1.34587e+01	4.42047e+05
4.21674e+04	6.08604e+02	1.35600e+01	4.41320e+05
3.85654e+04	2.04589e+02	9.44175e+00	3.97141e+05
3.86037e+04	2.90201e+02	1.01945e+01	3.99134e+05
3.84483e+04	3.34325e+02	1.04231e+01	3.98250e+05
3.83468e+04	3.66496e+02	1.05808e+01	3.97713e+05
3.82108e+04	3.94569e+02	1.07148e+01	3.96768e+05
3.80851e+04	4.19155e+02	1.08327e+01	3.95875e+05
3.80285e+04	4.41367e+02	1.09457e+01	3.95644e+05
3.79499e+04	4.63291e+02	1.10666e+01	3.95198e+05
3.79074e+04	4.83606e+02	1.11860e+01	3.95096e+05
3.78524e+04	5.02746e+02	1.13010e+01	3.94853e+05
3.47850e+04	1.67506e+02	7.85528e+00	3.57380e+05
3.47874e+04	2.34519e+02	8.43450e+00	3.58654e+05
3.45249e+04	2.70799e+02	8.62382e+00	3.56581e+05
3.43597e+04	2.97040e+02	8.73367e+00	3.55301e+05
3.42390e+04	3.20428e+02	8.86532e+00	3.54460e+05
3.41075e+04	3.41552e+02	8.96325e+00	3.53454e+05
3.41646e+04	3.61567e+02	9.11130e+00	3.54373e+05
3.41213e+04	3.79629e+02	9.22678e+00	3.54236e+05
3.41080e+04	3.96667e+02	9.34085e+00	3.54388e+05
3.40072e+04	4.12128e+02	9.43153e+00	3.53625e+05
3.14601e+04	1.35061e+02	6.55890e+00	3.22511e+05
3.21475e+04	1.97263e+02	7.35012e+00	3.30798e+05
3.20474e+04	2.27971e+02	7.50684e+00	3.30260e+05
3.18688e+04	2.51340e+02	7.60232e+00	3.28804e+05
3.18374e+04	2.73127e+02	7.72261e+00	3.28828e+05
3.16959e+04	2.92337e+02	7.81726e+00	3.27700e+05
3.16034e+04	3.09467e+02	7.90636e+00	3.27035e+05
3.14986e+04	3.25136e+02	7.98457e+00	3.26222e+05
3.13980e+04	3.39855e+02	8.05364e+00	3.25432e+05
3.12970e+04	3.52548e+02	8.10682e+00	3.24602e+05
2.91105e+04	1.11312e+02	5.61902e+00	2.97837e+05
2.88380e+04	1.54906e+02	5.93649e+00	2.95866e+05
2.86648e+04	1.81349e+02	6.10257e+00	2.94564e+05
2.86388e+04	2.02384e+02	6.23035e+00	2.94642e+05
2.85848e+04	2.20252e+02	6.34063e+00	2.94391e+05
2.85237e+04	2.36910e+02	6.43197e+00	2.94038e+05
2.85430e+04	2.53397e+02	6.54973e+00	2.94514e+05
2.85022e+04	2.67494e+02	6.63190e+00	2.94329e+05
2.83904e+04	2.80068e+02	6.69286e+00	2.93397e+05
2.83352e+04	2.92101e+02	6.75870e+00	2.93032e+05
