1.08561e+05	4.36457e+03	5.28223e+01	1.18208e+06
4.14950e+04	1.49240e+03	1.46348e+01	4.44509e+05
3.90815e+04	1.48933e+03	1.18518e+01	4.17560e+05
3.85758e+04	1.59717e+03	1.13381e+01	4.13068e+05
3.84880e+04	1.72704e+03	1.12974e+01	4.13448e+05
3.82369e+04	1.85250e+03	1.13095e+01	4.12204e+05
3.76215e+04	1.95146e+03	1.12667e+01	4.06996e+05
3.73720e+04	2.04026e+03	1.13197e+01	4.05442e+05
3.68855e+04	2.11376e+03	1.13390e+01	4.01332e+05
3.67789e+04	2.17891e+03	1.14278e+01	4.01006e+05
3.26191e+04	2.81684e+02	8.84511e+00	3.37852e+05
3.27071e+04	5.16355e+02	8.31501e+00	3.40550e+05
3.26208e+04	6.98623e+02	8.11857e+00	3.41313e+05
3.22841e+04	8.45155e+02	8.02617e+00	3.39319e+05
3.19139e+04	9.58690e+02	8.01909e+00	3.36745e+05
3.15496e+04	1.05839e+03	8.05900e+00	3.34139e+05
3.13044e+04	1.14228e+03	8.13554e+00	3.32603e+05
3.10830e+04	1.21305e+03	8.23063e+00	3.31191e+05
3.08975e+04	1.27382e+03	8.31468e+00	3.30028e+05
3.07437e+04	1.32638e+03	8.40611e+00	3.29107e+05
2.77683e+04	1.70848e+02	6.27385e+00	2.85665e+05
2.73457e+04	3.03246e+02	5.87445e+00	2.82364e+05
2.69383e+04	4.05227e+02	5.72125e+00	2.79157e+05
2.65733e+04	4.85457e+02	5.68302e+00	2.76271e+05
2.62829e+04	5.51856e+02	5.71046e+00	2.74058e+05
2.60897e+04	6.06714e+02	5.77484e+00	2.72739e+05
2.59233e+04	6.53787e+02	5.85240e+00	2.71623e+05
2.57408e+04	6.93390e+02	5.92669e+00	2.70268e+05
2.56158e+04	7.27307e+02	6.00827e+00	2.69439e+05
2.55242e+04	7.57145e+02	6.08517e+00	2.68899e+05
2.35345e+04	9.90961e+01	4.35997e+00	2.40696e+05
2.31945e+04	1.70128e+02	4.21817e+00	2.37865e+05
2.28880e+04	2.23731e+02	4.15848e+00	2.35276e+05
2.26840e+04	2.69493e+02	4.19220e+00	2.33727e+05
2.25140e+04	3.07574e+02	4.25603e+00	2.32472e+05
1.82305e+04	3.09271e+02	3.63394e+00	1.89032e+05
1.81658e+04	3.25231e+02	3.62799e+00	1.88538e+05
2.22241e+04	3.75170e+02	4.35137e+00	2.30345e+05
1.80378e+04	3.70869e+02	3.82110e+00	1.87908e+05
2.20550e+04	4.14288e+02	4.48978e+00	2.29183e+05
1.68484e+04	4.86842e+01	2.59026e+00	1.71561e+05
1.68172e+04	8.25385e+01	2.58092e+00	1.71579e+05
1.67378e+04	1.09347e+02	2.60901e+00	1.71080e+05
1.66873e+04	1.32401e+02	2.66084e+00	1.70858e+05
1.69555e+04	1.54472e+02	2.77209e+00	1.73872e+05
1.68488e+04	1.72112e+02	2.82975e+00	1.73039e+05
1.67941e+04	1.87128e+02	2.89308e+00	1.72706e+05
1.67341e+04	2.00683e+02	2.95526e+00	1.72303e+05
1.66582e+04	2.12822e+02	3.01064e+00	1.71721e+05
1.66032e+04	2.23127e+02	3.06338e+00	1.71327e+05
1.57578e+04	3.41250e+01	2.11092e+00	1.60030e+05
1.59852e+04	5.73890e+01	2.19973e+00	1.62626e+05
1.59147e+04	7.47088e+01	2.23674e+00	1.62131e+05
1.58347e+04	8.96289e+01	2.29000e+00	1.61533e+05
1.57732e+04	1.02373e+02	2.34450e+00	1.61100e+05
1.57253e+04	1.13992e+02	2.40326e+00	1.60796e+05
1.56877e+04	1.24027e+02	2.46185e+00	1.60579e+05
1.56748e+04	1.32517e+02	2.51515e+00	1.60588e+05
1.56270e+04	1.40645e+02	2.56170e+00	1.60238e+05
1.55927e+04	1.47733e+02	2.60839e+00	1.60012e+05
1.49004e+04	2.49904e+01	1.75588e+00	1.51010e+05
1.48327e+04	3.93885e+01	1.81113e+00	1.50532e+05
1.47622e+04	5.03202e+01	1.86291e+00	1.49989e+05
1.47143e+04	5.95972e+01	1.91466e+00	1.49654e+05
1.46697e+04	6.79621e+01	1.96718e+00	1.49344e+05
1.46393e+04	7.52593e+01	2.01912e+00	1.49164e+05
1.45982e+04	8.16025e+01	2.06856e+00	1.48867e+05
1.45372e+04	8.77986e+01	2.11361e+00	1.48363e+05
1.45010e+04	9.28032e+01	2.15368e+00	1.48092e+05
1.44699e+04	9.72171e+01	2.19093e+00	1.47862e+05
1.39114e+04	1.84538e+01	1.45526e+00	1.40754e+05
1.40893e+04	2.81734e+01	1.54726e+00	1.42722e+05
1.40381e+04	3.54724e+01	1.60419e+00	1.42340e+05
1.39779e+04	4.15674e+01	1.65366e+00	1.41848e+05
1.39387e+04	4.69923e+01	1.70279e+00	1.41559e+05
1.38952e+04	5.16741e+01	1.74904e+00	1.41217e+05
1.38687e+04	5.59718e+01	1.79777e+00	1.41045e+05
1.38519e+04	6.00203e+01	1.84216e+00	1.40961e+05
1.38367e+04	6.35420e+01	1.88425e+00	1.40887e+05
1.38217e+04	6.69298e+01	1.92268e+00	1.40809e+05
1.33095e+04	1.41921e+01	1.25590e+00	1.34493e+05
1.33030e+04	2.12022e+01	1.33802e+00	1.34580e+05
1.32441e+04	2.62794e+01	1.38984e+00	1.34093e+05
1.32079e+04	3.06393e+01	1.43868e+00	1.33824e+05
1.31718e+04	3.45917e+01	1.48876e+00	1.33552e+05
1.31365e+04	3.82194e+01	1.53561e+00	1.33283e+05
1.31282e+04	4.16777e+01	1.58089e+00	1.33280e+05
1.30891e+04	4.45377e+01	1.61545e+00	1.32952e+05
1.30776e+04	4.72699e+01	1.65053e+00	1.32899e+05
1.30579e+04	4.97976e+01	1.68177e+00	1.32759e+05
1.26408e+04	1.18102e+01	1.09553e+00	1.27621e+05
1.25885e+04	1.74238e+01	1.16850e+00	1.27228e+05
1.25226e+04	2.15032e+01	1.22361e+00	1.26665e+05
1.24869e+04	2.49381e+01	1.27284e+00	1.26391e+05
1.24527e+04	2.78872e+01	1.31268e+00	1.26118e+05
1.24179e+04	3.05163e+01	1.35174e+00	1.25835e+05
1.23946e+04	3.29359e+01	1.38826e+00	1.25664e+05
1.23682e+04	3.51776e+01	1.42113e+00	1.25455e+05
1.23512e+04	3.72262e+01	1.45441e+00	1.25339e+05
1.23362e+04	3.89560e+01	1.47949e+00	1.25231e+05
