4.14437e+05	3.52437e+04	3.27626e+02	4.82443e+06
1.41429e+05	1.08592e+04	9.58277e+01	1.61871e+06
1.34943e+05	8.51542e+03	7.46698e+01	1.50925e+06
1.33425e+05	8.16157e+03	6.99421e+01	1.48581e+06
1.33016e+05	8.25496e+03	6.88564e+01	1.48156e+06
1.34088e+05	8.47319e+03	6.92584e+01	1.49487e+06
1.33226e+05	8.62840e+03	6.89917e+01	1.48754e+06
1.32721e+05	8.77710e+03	6.89658e+01	1.48395e+06
1.32295e+05	8.88350e+03	6.90288e+01	1.48082e+06
1.32688e+05	9.02087e+03	6.95614e+01	1.48665e+06
1.07058e+05	2.68658e+03	4.90192e+01	1.14646e+06
1.00621e+05	3.54697e+03	4.64299e+01	1.08811e+06
9.93135e+04	3.96238e+03	4.55950e+01	1.07835e+06
9.99749e+04	4.34049e+03	4.61584e+01	1.08931e+06
9.92966e+04	4.58759e+03	4.59619e+01	1.08480e+06
9.86278e+04	4.77946e+03	4.58371e+01	1.07991e+06
9.80975e+04	4.94911e+03	4.58770e+01	1.07634e+06
9.76785e+04	5.09161e+03	4.59543e+01	1.07366e+06
9.94090e+04	5.34235e+03	4.75013e+01	1.09501e+06
9.91727e+04	5.46742e+03	4.77757e+01	1.09418e+06
8.27871e+04	1.66169e+03	3.36755e+01	8.78164e+05
8.22717e+04	2.31585e+03	3.43989e+01	8.80275e+05
8.16937e+04	2.63886e+03	3.42851e+01	8.77610e+05
8.12803e+04	2.85853e+03	3.42064e+01	8.75595e+05
8.06467e+04	3.01476e+03	3.40931e+01	8.70707e+05
8.07774e+04	3.19079e+03	3.45393e+01	8.74221e+05
8.04879e+04	3.31573e+03	3.47237e+01	8.72760e+05
8.00878e+04	3.41775e+03	3.48321e+01	8.69888e+05
7.96572e+04	3.50725e+03	3.49080e+01	8.66552e+05
7.21024e+04	3.35842e+03	3.19131e+01	7.86522e+05
6.13656e+04	9.34079e+02	2.14552e+01	6.44452e+05
4.78801e+04	1.06822e+03	1.64807e+01	5.05964e+05
4.88318e+04	1.22494e+03	1.68547e+01	5.17422e+05
4.84202e+04	1.32777e+03	1.68149e+01	5.14294e+05
4.82073e+04	1.41247e+03	1.68768e+01	5.13075e+05
4.79410e+04	1.48295e+03	1.69423e+01	5.11182e+05
4.66690e+04	1.50501e+03	1.65096e+01	4.98249e+05
4.62955e+04	1.54154e+03	1.64590e+01	4.94829e+05
4.60758e+04	1.57756e+03	1.65228e+01	4.93057e+05
4.34157e+04	1.54262e+03	1.55960e+01	4.65180e+05
4.11940e+04	4.85604e+02	1.19480e+01	4.28744e+05
3.97581e+04	6.80070e+02	1.18270e+01	4.16209e+05
3.94738e+04	7.82895e+02	1.18533e+01	4.14420e+05
3.90741e+04	8.50111e+02	1.18104e+01	4.11053e+05
3.91386e+04	9.12117e+02	1.19898e+01	4.12497e+05
3.93293e+04	9.83136e+02	1.23055e+01	4.15430e+05
3.81218e+04	1.01010e+03	1.20302e+01	4.03349e+05
3.81030e+04	1.05515e+03	1.21904e+01	4.03772e+05
3.79218e+04	1.09241e+03	1.22985e+01	4.02441e+05
3.78503e+04	1.12372e+03	1.24186e+01	4.02159e+05
3.45507e+04	3.37814e+02	8.84836e+00	3.57733e+05
3.51848e+04	4.90465e+02	9.40597e+00	3.66158e+05
3.46730e+04	5.66721e+02	9.35601e+00	3.61753e+05
3.44254e+04	6.26671e+02	9.45377e+00	3.59974e+05
3.42375e+04	6.76010e+02	9.54444e+00	3.58680e+05
3.42961e+04	7.20378e+02	9.71559e+00	3.59881e+05
3.41429e+04	7.56729e+02	9.81346e+00	3.58810e+05
3.39768e+04	7.89026e+02	9.90589e+00	3.57565e+05
3.39131e+04	8.24935e+02	1.00675e+01	3.57448e+05
3.48153e+04	8.78538e+02	1.05518e+01	3.67490e+05
3.20114e+04	2.61182e+02	7.47882e+00	3.30205e+05
3.20213e+04	3.84856e+02	7.88153e+00	3.31943e+05
3.20694e+04	4.56791e+02	8.09378e+00	3.33356e+05
3.60174e+04	5.78414e+02	9.64964e+00	3.75608e+05
3.18195e+04	5.71444e+02	8.39607e+00	3.32306e+05
3.15717e+04	6.03839e+02	8.38051e+00	3.30136e+05
3.14723e+04	6.36402e+02	8.47076e+00	3.29558e+05
3.13533e+04	6.66559e+02	8.57113e+00	3.28770e+05
3.12383e+04	6.94310e+02	8.66825e+00	3.27994e+05
3.13395e+04	7.24804e+02	8.84310e+00	3.29486e+05
2.89527e+04	1.99735e+02	6.08636e+00	2.97610e+05
2.95564e+04	3.06424e+02	6.66197e+00	3.05290e+05
2.94462e+04	3.61972e+02	6.71643e+00	3.04798e+05
2.92117e+04	4.02321e+02	6.76065e+00	3.02901e+05
2.90746e+04	4.40088e+02	6.83408e+00	3.01981e+05
2.90301e+04	4.71847e+02	6.94618e+00	3.01966e+05
2.90229e+04	5.04562e+02	7.09297e+00	3.02368e+05
2.87528e+04	5.29734e+02	7.14997e+00	2.99975e+05
2.86406e+04	5.53538e+02	7.24458e+00	2.99186e+05
2.87000e+04	5.81420e+02	7.39658e+00	3.00210e+05
2.67891e+04	1.49824e+02	5.11049e+00	2.74499e+05
2.68258e+04	2.26499e+02	5.31193e+00	2.75834e+05
2.66810e+04	2.68078e+02	5.36790e+00	2.74858e+05
2.63700e+04	2.96632e+02	5.37877e+00	2.72045e+05
2.62611e+04	3.25084e+02	5.45409e+00	2.71316e+05
2.61922e+04	3.50359e+02	5.54812e+00	2.70974e+05
2.62112e+04	3.75793e+02	5.67799e+00	2.71548e+05
2.61188e+04	3.97795e+02	5.77230e+00	2.70938e+05
2.60122e+04	4.17801e+02	5.85380e+00	2.70154e+05
2.58974e+04	4.35233e+02	5.92119e+00	2.69247e+05
2.43847e+04	1.06549e+02	4.01327e+00	2.48926e+05
2.40652e+04	1.56888e+02	4.10300e+00	2.46324e+05
2.37854e+04	1.89418e+02	4.15705e+00	2.43905e+05
2.36927e+04	2.16205e+02	4.25185e+00	2.43341e+05
2.38161e+04	2.42381e+02	4.40264e+00	2.44987e+05
2.37661e+04	2.65067e+02	4.50069e+00	2.44812e+05
2.37153e+04	2.83437e+02	4.57485e+00	2.44562e+05
2.36409e+04	3.00030e+02	4.65377e+00	2.44063e+05
2.37067e+04	3.17980e+02	4.76660e+00	2.45014e+05
2.35868e+04	3.31962e+02	4.82862e+00	2.44017e+05
