0.013791
0.017569
0.0096126
0.013885
0.018115
0.015672
0.014272
0.013955
0.013774
0.015965
0.018823
0.015397
0.008703
0.0064581
0.0039951
0.0048784
0.015362
0.012193
0.017201
0.011875
0.016259
0.013033
0.016553
0.017645
0.018182
0.010799
0.014966
0.0083275
0.01693
0.015813
0.01953
0.020452
0.020371
0.020107
0.019675
0.017918
0.020618
0.021836
0.026121
0.022414
0.017085
0.016884
0.018585
0.0058306
0.0076453
0.0079724
0.0093534
0.010521
0.010897
0.009531
0.010068
0.011981
0.014754
0.0094571
0.010803
0.0083264
0.011677
0.0096408
0.0083921
0.0079346
0.011196
0.010467
0.0094085
0.0082669
0.010923
0.010561
0.011161
0.0084444
0.011187
0.01305
0.010288
0.0071863
0.0076209
0.012329
0.0096485
0.0078998
0.0089751
0.010212
0.0094133
0.0030339
0.014185
0.0081793
0.0099171
0.024202
0.010059
0.0095354
0.010045
0.011486
0.0088691
0.0093663
0.012531
0.010748
0.011724
0.0069345
0.0063008
0.0095052
0.012538
0.0082515
0.0086979
0.011638
0.0038792
0.010182
0.0094771
0.010084
0.0063616
0.0073125
0.018911
0.013225
0.016335
0.01611
0.0085369
0.0093412
0.0056726
0.0082517
0.010917
0.011986
0.0091352
0.011865
0.0059439
0.01312
0.010445
0.010532
0.010265
0.0089399
0.0126
0.010565
0.010297
0.0088596
0.0076897
0.0081377
0.0065275
0.0087938
0.009178
0.0087232
0.010191
0.01495
0.014374
0.010828
0.0118
0.013951
0.015086
0.014594
0.013779
0.015741
0.017011
0.016194
0.01522
0.016414
0.017442
0.01393
0.011299
0.016109
0.013734
0.012922
0.013826
0.010604
0.012105
0.013129
0.011184
0.016116
0.012107
0.015757
0.014322
0.013878
0.012549
0.018001
0.012476
0.024073
0.010262
0.0094843
0.0093528
0.0092959
0.016555
0.024464
0.019465
0.014945
0.016661
0.017175
0.0129
0.0080897
0.013437
0.01043
0.0086781
0.01262
0.015872
0.010971
0.012621
0.018337
0.019458
0.013096
0.010727
0.010342
0.010648
0.018037
0.0093471
0.0093093
0.0071996
0.0087458
0.017317
0.021619
0.026452
0.011884
0.018864
0.018145
0.0077686
0.008091
0.0062133
0.0098867
0.0050949
0.0091762
0.0096983
0.0087046
0.0098489
0.017192
0.010315
0.010704
0.018285
0.010525
0.017674
0.0085261
0.0081962
0.0097086
0.017743
0.023811
0.025232
0.024991
0.020979
0.019138
0.019169
0.0068061
0.022271
0.017382
0.030544
0.0098605
0.0074045
0.0084683
0.0141
0.010513
0.0088627
0.0099742
0.0076127
0.0079517
0.018273
0.010585
0.010425
0.011901
0.010484
0.0092309
0.01179
0.017416
0.026249
0.010425
0.020414
0.012586
0.022846
0.022218
0.029041
0.024575
0.028743
0.029967
0.0080585
0.027608
0.0080326
0.008696
0.0081976
0.0094629
0.0099614
0.010138
0.0096809
0.010713
0.013657
0.0087414
0.010921
0.008336
0.0082751
0.0084664
0.011932
0.010331
0.007437
0.0083778
0.0099625
0.011369
0.011569
0.010288
0.011745
0.0088508
0.0091696
0.0082288
0.009897
0.0099127
0.011407
0.011393
0.01332
0.012107
0.015081
0.015604
0.0096323
0.012858
0.011428
0.010505
0.013002
0.0097824
0.0081074
0.013142
0.0091088
0.011024
0.008405
0.013849
0.01763
0.0082312
0.012808
0.01381
0.013626
0.0095436
0.008413
0.01058
0.0086989
0.015031
0.0098874
0.0070399
0.0077507
0.011015
0.018013
0.013607
0.019326
0.022585
0.017727
0.01736
0.0093883
0.0080467
0.0076254
0.0093497
0.0074155
0.017528
0.019535
0.019297
0.01713
0.0060214
0.0077873
0.00978
0.0075436
0.0072782
0.007534
0.0078717
0.0060169
0.0059235
0.0076096
0.0070562
0.0077789
0.0086955
0.0083218
0.008254
0.016482
0.022043
0.017378
0.0051292
0.0053361
0.0098724
0.019088
0.017094
0.026148
0.018651
0.013282
0.0076699
0.016669
0.011894
0.019776
0.026615
0.032476
0.02584
0.011069
0.017032
0.018363
0.012375
0.0054961
0.008179
0.014443
0.01052
0.0086977
0.0014238
0.031358
0.032167
0.02705
0.02892
0.016342
0.027309
0.025594
0.02599
0.023576
0.014818
0.012469
0.0099446
0.012623
0.017232
0.015092
0.013749
0.016538
0.014165
0.01531
0.010978
0.013491
0.0073493
0.011869
0.0077086
0.0081201
0.016617
0.015246
0.015188
0.01271
0.0117
0.013022
0.012707
0.012868
0.013998
0.007795
0.01541
0.012078
0.0091106
0.0074594
0.009344
0.0085117
0.010135
0.0092983
0.0096413
0.010189
0.0058773
0.0036898
0.0067194
0.0082182
0.0086203
0.010017
0.013603
0.0091186
0.0090575
0.0086875
0.0085586
0.0087352
0.010355
0.014255
0.010898
0.0082888
0.006551
0.0084805
0.013876
0.008269
0.0067052
0.0091364
0.012766
0.010536
0.013057
0.013924
0.0078735
0.014641
0.01705
0.013332
0.0094433
0.012449
0.01197
0.010396
0.011083
0.012199
0.0096314
0.0081143
0.005012
0.0074551
0.0099149
0.011122
0.0089756
0.0097703
0.0077612
0.0089799
0.0049114
0.010077
0.008282
0.0070004
0.016154
0.018656
0.016473
0.014302
0.014779
0.014804
0.011756
0.012415
0.014755
0.012377
0.01457
0.0067378
0.010217
0.0088799
0.01567
0.010328
0.014316
0.0080822
0.008613
0.0162
0.017837
0.0093637
0.014983
0.0072015
0.010326
0.025007
0.01882
0.02312
0.025257
0.019429
0.0035888
0.019509
0.01323
0.0036481
0.018457
0.0085102
0.010103
0.0093341
0.006849
0.005865
0.0048481
0.014941
0.01275
0.011783
0.012161
0.0076858
0.026265
0.019575
0.0243
0.025391
0.019256
0.023171
0.014653
0.015649
0.021422
0.011369
0.018991
0.011529
0.01193
0.0088318
0.0086249
0.01263
0.014788
0.014716
0.014182
0.010865
0.01059
0.012176
0.011768
0.0077057
0.0090734
0.010462
0.015505
0.010086
0.011641
0.02286
0.011982
0.01227
0.010682
0.0083901
0.0092189
0.0089735
0.010064
0.010327
0.010525
0.010418
0.01133
0.0089188
0.0098886
0.0099469
0.012684
0.0063295
0.010177
0.0065825
0.009672
0.011186
0.01172
0.013954
0.012587
0.024527
0.02524
0.014947
0.018411
0.006006
0.0061737
0.0067608
0.010628
0.0069414
0.01938
0.0084975
0.0077601
0.015323
0.0091136
0.0052706
0.010786
0.0085837
0.0048343
0.0093477
0.010898
0.0081406
0.016381
0.010054
0.0077858
0.019414
0.0091421
0.0082724
0.012183
0.008436
0.013778
0.012112
0.013424
0.01497
0.0088698
0.0077391
0.008017
0.029229
0.0067119
0.021637
0.023479
0.017128
0.013184
0.0078107
0.020058
0.007947
0.016132
0.010745
0.016104
0.0080973
0.013006
0.0049263
0.0051474
0.0068232
0.0059714
0.0061714
0.0021836
0.014292
0.0056849
0.0059649
0.010373
0.015414
0.0081121
0.0094364
0.018946
0.017039
0.024196
0.023094
0.018097
0.016002
0.020808
0.019557
0.011495
0.0058891
0.015683
0.021657
0.017508
0.025586
0.013386
0.028789
0.027184
0.017121
0.02617
0.03008
0.015656
0.0235
0.014895
0.014272
0.023619
0.026355
0.021847
0.016368
0.011101
0.012575
0.0090663
0.010873
0.0091473
0.013347
0.014389
0.014448
0.0085355
0.007459
0.010506
0.013249
0.01538
0.013053
0.01273
0.0093346
0.013634
0.012469
0.017336
0.010226
0.010646
0.0095234
0.0087435
0.0099645
0.008882
0.01117
0.010154
0.010975
0.010356
0.0078641
0.010644
0.0064242
0.010336
0.0090463
0.010901
0.011209
0.012275
0.0093667
0.011926
0.010842
0.012948
0.0096734
0.01149
0.012013
0.0097839
0.012406
0.0085176
0.0098233
0.0074829
0.0098929
0.0088392
0.0078576
0.010129
0.0066269
0.010502
0.011016
0.010278
0.013549
0.010866
0.0088321
0.0079499
0.0070829
0.007291
0.0075008
0.011753
0.011938
0.010507
0.0018699
0.010573
0.0098439
0.009074
0.011795
0.00847
0.010572
0.0086755
0.011107
0.0099067
0.011889
0.010384
0.0082266
0.012567
0.011343
0.012096
0.011654
0.0087057
0.0084346
0.0086004
0.011928
0.010348
0.010848
0.012331
0.012576
0.0096135
0.013222
0.012817
0.0085178
0.011642
0.0077877
0.010968
0.013862
0.010196
0.013512
0.0076302
0.01267
0.0089466
0.013212
0.013296
0.012298
0.0084878
0.0097595
0.0082844
0.0071887
0.0043112
0.0091243
0.010219
0.008914
0.014085
0.022393
0.01482
0.013721
0.0097426
0.015623
0.010324
0.014884
0.02216
0.021092
0.011442
0.0087601
0.017945
0.02394
0.0094235
0.011044
0.022132
0.023592
0.019437
0.014275
0.023176
0.022152
0.014566
0.01878
0.013648
0.022283
0.014292
0.016557
0.020925
0.011004
0.015238
0.0023637
0.0016041
0.00084003
0
0.0023679
0.0023115
0.0022968
0.00086292
0.0013654
0.0022342
0.002255
0.0022915
0.0024375
0.00054455
0.003553
0.0020119
0.004292
0.0027348
0.0042631
0.0029497
0.0036768
0.0076018
0.0011251
0.0020087
0.002477
0.0058324
0.0071158
0.0038539
0.0059009
0.0015292
0.0069001
0.0028798
0.0039223
0.0073055
0.0017022
0.009787
0.0046501
0.0076068
0.0057709
0.0085864
0.0085785
0.0020401
0.004094
0.008016
0.0070698
0.0073929
0.0089045
0.0032329
0.0058571
0.0075543
0.0092036
0.0098236
0.011456
0.0014035
0.0058814
0.0064634
0.0048097
0.0063253
0.0032895
0.0046092
0.0070182
0.0043269
0.0039458
0.0044964
0.0037427
0.004967
0.0038847
0.0051174
0.00947
0.0099064
0.0091802
0.0072823
0.0099506
0.0080823
0.0073654
0.0037668
0.0076899
0.0075966
0.0075388
0.006447
0.0082377
0.0053515
0.0071163
0.010481
0.0074875
0.004499
0.0048684
0.0038929
0.0047815
0.0064662
0.0058225
0.0074699
0.0087968
0.0077371
0.0083103
0.0079132
0.008892
0.0089693
0.0061144
0.007952
0.0095331
0.0090254
0.0079809
0.0070727
0.0068138
0.0083841
0.011306
0.010226
0.0085165
0.0080876
0.0084392
0.0075034
0.0075413
0.0054328
0.0043261
0.0048196
0.0061752
0.0046015
0.005064
0.0049704
0.005143
0.005803
0.0040702
0.0032123
0.0038082
0.0028751
0.0064019
0.0042443
0.0032788
0.0020138
0.003106
0.0035651
0.0013651
0.0036244
0.0028228
0.0032988
0.0033227
0.0043053
0.003789
0.0034736
0.0033762
0.0043469
0.0046558
0.0065373
0.005987
0.00334
0.0045055
0.0039695
0.0053379
0.0041476
0.005003
0.0033211
0.0038926
0.0039174
0.0044506
0.0029088
0.0067211
0.0017251
0.0063588
0.004236
0.0064566
0.0065565
0.0079161
0.0076539
0.0083097
0.011987
0.010829
0.0084055
0.0090197
0.012908
0.011789
0.011748
0.01309
0.013908
0.0097722
0.0092189
0.01127
0.012704
0.017874
0.01294
0.014823
0.017249
0.015727
0.017325
0.019479
0.0017796
0.0015495
0.0034935
0.0025595
0.002646
0.0052712
0.0064886
0.0048669
0.006176
0.0069166
0.0054126
0.0042599
0.0047809
0.0052173
0.006167
0.0028599
0.005809
0.0025739
0.0045753
0.0046923
0.0032319
0.0042297
0.0023064
0.0031786
0.0038123
0.0051706
0.0079226
0.0062704
0.0038099
0.002348
0.0026914
0.0037829
0.0053517
0.0020846
0.0035069
0.0023163
0.0069522
0.0036457
0.0059302
0.0086909
0.0065266
0.006764
0.008296
0.0064527
0.0095113
0.010032
0.0083929
0.010875
0.0080967
0.010039
0.0087686
0.0088176
0.0094447
0.0095569
0.010905
0.010601
0.00921
0.0089199
0.010806
0.010526
0.01598
0.015559
0.010845
0.011278
0.0086611
0.018074
0.012245
0.011831
0.0072777
0.0065918
0.0092512
0.0066852
0.0066081
0.0063702
0.0093902
0.0059435
0.007188
0.0038116
0.0042411
0.0094294
0.0028599
0.0071985
0.0067019
0.0089059
0.0049104
0.0093007
0.0045169
0.0065499
0.0086954
0.0082056
0.0086522
0.012417
0.0057296
0.0099208
0.0088396
0.0054624
0.012687
0.0097911
0.009153
0.0092247
0.0082406
0.010233
0.01271
0.012193
0.012568
0.010523
0.011693
0.0097329
0.01137
0.014198
0.010917
0.013712
0.0063014
0.0082574
0.0046935
0.0088868
0.007597
0.008613
0.0083089
0.0091349
0.0096029
0.0096381
0.0065185
0.010518
0.0082514
0.0061985
0.0081747
0.007656
0.0062964
0.0088738
0.0061514
0.0062508
0.0072303
0.0068147
0.0057146
0.011935
0.009415
0.011227
0.007904
0.0081211
0.0084676
0.008555
0.010483
0.0069315
0.0093563
0.010009
0.013137
0.01299
0.015525
0.015704
0.013221
0.010107
0.0089052
0.01311
0.011114
0.015133
0.0096999
0.0076871
0.0091159
0.0089511
0.0080988
0.0090492
0.0087658
0.008944
0.010139
0.015741
0.015805
0.018953
0.011606
0.014734
0.01857
0.024958
0.022679
0.022549
0.0093414
0.025077
0.0095626
0.02297
0.02282
0.010189
0.014129
0.024049
0.011683
0.021395
0.017977
0.014472
0.02148
0.0097308
0.010853
0.014722
0.012746
0.010677
0.022033
0.011047
0.014603
0.014293
0.0056369
0.006854
0.0050148
0.0048082
0.0065244
0.0077532
0.0076904
0.004579
0.0041921
0.0058822
0.0064814
0.0058636
0.0058099
0.0071758
0.0028291
0.0051771
0.0058225
0.0054569
0.0031252
0.0055096
0.0044697
0.0032794
0.003989
0.0059285
0.0040285
0.0040274
0.0046189
0.00875
0.0075418
0.0044743
0.0074945
0.012625
0.0051407
0.0086607
0.0058357
0.0055982
0.0043415
0.0067644
0.010297
0.0039896
0.0083737
0.0044744
0.0086172
0.0087552
0.009941
0.0089302
0.011043
0.010467
0.010982
0.0080002
0.0093152
0.0088947
0.010268
0.0059331
0.0053857
0.0063136
0.0040546
0.0060585
0.0055856
0.0059435
0.0055944
0.007453
0.0068201
0.0069514
0.010779
0.0070756
0.008517
0.0080033
0.0080093
0.0066144
0.0066872
0.0057783
0.0060989
0.0083505
0.0058652
0.006131
0.0060668
0.0056587
0.0093128
0.011321
0.011132
0.011975
0.011859
0.011923
0.013937
0.01325
0.01614
0.015278
0.013474
0.013225
0.013778
0.014918
0.0043803
0.00339
0.005761
0.0044333
0.0047685
0.0079196
0.0054626
0.0066418
0.0068054
0.0075374
0.0070222
0.0068322
0.0072493
0.0067813
0.011313
0.0092803
0.0060612
0.014765
0.011936
0.015299
0.012517
0.015976
0.016019
0.015525
0.018408
0.016773
0.014864
0.018059
0.016006
0.01689
0.0083928
0.0084125
0.01166
0.012754
0.0053798
0.011799
0.0087399
0.0093392
0.0079934
0.013958
0.0098544
0.011374
0.012399
0.011197
0.012744
0.0096704
0.010414
0.014147
0.0187
0.014754
0.014768
0.019079
0.017305
0.018965
0.0073641
0.0087562
0.0081834
0.0085753
0.0093475
0.010602
0.010359
0.010254
0.0093543
0.010399
0.010895
0.010074
0.012874
0.010942
0.012279
0.0066948
0.011002
0.010087
0.01652
0.0078954
0.012246
0.0208
0.01471
0.016794
0.019164
0.0094313
0.0090906
0.0096708
0.0071635
0.009783
0.0079318
0.0095513
0.0078099
0.0089426
0.0092371
0.0090805
0.0083132
0.0091754
0.0094043
0.0086417
0.0088521
0.011178
0.015256
0.016368
0.017599
0.016109
0.0045268
0.0076799
0.0086948
0.0091974
0.021204
0.0086084
0.0089277
0.017802
0.019479
0.019513
0.021122
0.018811
0.016189
0.017732
0.015436
0.0083988
0.0097578
0.0098383
0.0083218
0.0084814
0.0087968
0.012532
0.020748
0.015779
0.022152
0.0083599
0.014103
0.016001
0.018928
0.015666
0.019029
0.012573
0.014604
0.0096246
0.013685
0.014447
0.011778
0.0094612
0.010365
0.0098943
0.0034164
0.0035284
0.0032393
0.0041907
0.003798
0.0042268
0.004344
0.0040903
0.003581
0.0036758
0.0041794
0.0050399
0.0046176
0.0045476
0.0076009
0.0056586
0.0069321
0.0057195
0.0062794
0.0064788
0.0054774
0.0075515
0.0060302
0.0049307
0.0042324
0.0081907
0.0030462
0.0051876
0.0037527
0.0073486
0.0035389
0.0032191
0.0046977
0.0041465
0.0038961
0.005781
0.0040687
0.0057984
0.0032598
0.0052702
0.0091621
0.0056977
0.0047703
0.0065823
0.0048592
0.005816
0.0068436
0.0082376
0.0064655
0.0069608
0.0068811
0.0082154
0.0041938
0.006007
0.0058182
0.0070199
0.010055
0.0073218
0.0089065
0.0095489
0.0073313
0.0092182
0.0080303
0.0082257
0.012474
0.0063714
0.0090444
0.0062913
0.0053683
0.0048643
0.0053919
0.0037024
0.0038248
0.0050817
0.0042578
0.0038915
0.0038995
0.0053116
0.0053995
0.0050122
0.0044171
0.0032145
0.0045361
0.0046826
0.0046906
0.0046406
0.0053743
0.0043067
0.0050034
0.0027233
0.0026449
0.0060142
0.0075218
0.0044927
0.0022559
0.0045484
0.0028679
0.00027304
0.0068417
0.00066336
0.0040447
0.0033351
0.0027797
0.0056634
0.0048159
0.0034043
0.0025472
0.0024197
0.0040439
0.0054289
0.0089352
0.0031187
0.0041017
0.0029488
0.0039754
0.0032957
0.0026259
0.0033655
0.0036698
0.0029734
0.0027808
0.0028946
0.0031574
0.0029162
0.0026218
0.003343
0.0059064
0.0076939
0.0040655
0.0081521
0.0071837
0.0062134
0.0073595
0.010187
0.012108
0.010346
0.0083645
0.013099
0.011179
0.0041261
0.012228
0.023275
0.012998
0.0034751
0.0051727
0.0073486
0.0029597
0.004929
0.0038229
0.0017138
0.0028781
0.0041933
0.0075809
0.014132
0.013166
0.012308
0.015094
0.012793
0.014797
0.015348
0.017536
0.014815
0.007084
0.010525
0.011431
0.013549
0.0088026
0.016033
0.014513
0.016156
0.015714
0.014847
0.0091752
0.012137
0.01223
0.013687
0.012673
0.014699
0.011085
0.013403
0.011877
0.014117
0.015796
0.016908
0.019304
0.016597
0.018582
0.018934
0.020328
0.022501
0.017829
0.019581
0.010873
0.014139
0.010363
0.010464
0.014485
0.0082221
0.012644
0.010944
0.010628
0.0079909
0.010812
0.010198
0.0095772
0.0098409
0.011356
0.0093104
0.011098
0.011086
0.010406
0.0093047
0.018189
0.021051
0.017309
0.019629
0.017867
0.012703
0.015716
0.010584
0.018802
0.013852
0.010338
0.0095991
0.010146
0.010571
0.011624
0.0093987
0.0083486
0.01047
0.012139
0.0087547
0.0098016
0.009764
0.0090542
0.0064469
0.0092466
0.0086103
0.0091036
0.0084892
0.0091795
0.0090016
0.0095242
0.010761
0.0081454
0.0096303
0.0096218
0.0088266
0.011322
0.010015
0.018578
0.018334
0.019484
0.013452
0.012473
0.0079299
0.012347
0.010316
0.010345
0.0086351
0.019274
0.018291
0.0096015
0.015591
0.013628
0.011804
0.0090056
0.0082832
0.0092468
0.027936
0.026109
0.027636
0.023444
0.025639
0.025439
0.018543
0.011486
0.011647
0.0069527
0.015393
0.011697
0.0079551
0.0065037
0.0088808
0.018088
0.014283
0.01977
0.0081517
0.01279
0.0084897
0.0098458
0.0083832
0.010263
0.010412
0.0072197
0.0074709
0.0078001
0.008871
0.0089617
0.0098527
0.008468
0.011066
0.022169
0.023036
0.031545
0.026255
0.030367
0.023814
0.030467
0.034311
0.026511
0.009172
0.0057985
0.013037
0.012618
0.0133
0.015839
0.015215
0.017097
0.017612
0.019037
0.010745
0.016558
0.026051
0.014384
0.023636
0.019894
0.013597
0.013986
0.028647
0.02396
0.013633
0.012135
0.02579
0.017216
0.014627
0.0068488
0.009472
0.0094943
0.0089371
0.0098784
0.011604
0.009636
0.0097731
0.016141
0.011066
0.0036709
0.004752
0.0030303
0.0047229
0.0042883
0.0039104
0.0056802
0.0040331
0.0045106
0.0034551
0.004104
0.0066244
0.0048062
0.0030328
0.0045153
0.0048113
0.0055287
0.0055202
0.0048995
0.0053515
0.0070471
0.0066968
0.0047129
0.0035287
0.0071633
0.0046731
0.0051502
0.0069435
0.0056033
0.0064635
0.006646
0.0044409
0.0063664
0.0047115
0.0075949
0.0066763
0.0069726
0.0062012
0.0042429
0.0073088
0.0093967
0.0085776
0.0067198
0.0094361
0.0056911
0.0051366
0.010237
0.0081114
0.0073292
0.0084033
0.0099514
0.0060318
0.0067803
0.0066605
0.011236
0.010872
0.0066085
0.0039456
0.0040607
0.0064011
0.0062587
0.0057168
0.0056398
0.0063186
0.0077812
0.0039551
0.0073699
0.0070614
0.0060613
0.0063225
0.0089864
0.0080631
0.0092045
0.0067753
0.0083235
0.009255
0.0089898
0.0090704
0.008062
0.0096858
0.0072952
0.011725
0.011357
0.012576
0.014058
0.011605
0.0068076
0.006162
0.010243
0.0055337
0.006799
0.0063197
0.0056535
0.005193
0.0056018
0.0058303
0.0038201
0.0059571
0.0082415
0.0071735
0.0037256
0.0044065
0.008097
0.0032428
0.0060014
0.0057036
0.0066526
0.0062953
0.0059905
0.0077867
0.0062213
0.0071537
0.0060048
0.0068995
0.0079016
0.0074593
0.0071512
0.0080393
0.0044934
0.0059475
0.0076783
0.0047625
0.0054881
0.011521
0.0069476
0.0077923
0.0068657
0.006926
0.0069765
0.01027
0.010022
0.0079879
0.010032
0.010608
0.012166
0.010594
0.010294
0.010368
0.011503
0.01125
0.0074313
0.009299
0.0085784
0.009391
0.0077847
0.0089045
0.013208
0.012176
0.01467
0.016617
0.0078547
0.01115
0.012158
0.011318
0.01409
0.010879
0.014211
0.010793
0.014139
0.016892
0.015127
0.0037121
0.0066233
0.0066132
0.0050895
0.0083557
0.0042439
0.0067748
0.0035724
0.0082875
0.0056842
0.0090156
0.009328
0.0077668
0.0041801
0.0070828
0.0069428
0.0080027
0.0089247
0.011439
0.010664
0.0090506
0.0075271
0.0081353
0.011039
0.008882
0.0074549
0.0082023
0.010131
0.0076553
0.0093822
0.0077312
0.011684
0.0080637
0.0076279
0.0093967
0.01549
0.012934
0.012478
0.01336
0.0132
0.013348
0.014603
0.014495
0.013317
0.013538
0.016412
0.015224
0.01561
0.015469
0.01567
0.013607
0.019533
0.020327
0.018656
0.017542
0.009426
0.012561
0.013702
0.01235
0.013588
0.012477
0.010569
0.013361
0.014167
0.0097438
0.011175
0.0085508
0.0093692
0.0099808
0.0099378
0.012792
0.0098799
0.010761
0.01139
0.010128
0.012479
0.017212
0.019319
0.018659
0.020324
0.018185
0.016229
0.019382
0.014113
0.012134
0.010957
0.010508
0.011125
0.011153
0.012516
0.011208
0.012161
0.013263
0.0093571
0.012979
0.010417
0.013211
0.010574
0.010951
0.011647
0.014864
0.012618
0.011594
0.012058
0.01246
0.012447
0.011916
0.014472
0.011845
0.012314
0.015127
0.011615
0.013024
0.011737
0.019594
0.017583
0.014576
0.012071
0.014005
0.016118
0.013558
0.014521
0.016019
0.013627
0.018726
0.017811
0.019689
0.016596
0.014026
0.011903
0.010454
0.011691
0.012086
0.010371
0.012241
0.011653
0.01373
0.010096
0.013555
0.011421
0.0097405
0.013821
0.013211
0.016321
0.013974
0.014775
0.012707
0.012822
0.012769
0.012732
0.014104
0.012581
0.013222
0.00443
0.0051641
0.0066432
0.0059566
0.0052365
0.005062
0.0069901
0.0052885
0.0052751
0.0062123
0.008021
0.0073641
0.0058009
0.0037568
0.0089862
0.010724
0.00833
0.0072921
0.0071409
0.0057992
0.0063604
0.0068563
0.0075068
0.0055531
0.008778
0.0055903
0.0074084
0.0077848
0.0061593
0.0058081
0.0078698
0.0073298
0.007113
0.0076275
0.0048729
0.0071382
0.0048138
0.0065343
0.00935
0.0059931
0.0095888
0.011568
0.0074422
0.011291
0.010585
0.013153
0.0058934
0.0049829
0.0056526
0.0089188
0.0083637
0.01021
0.010129
0.00644
0.0089275
0.0096921
0.0062757
0.007912
0.0053877
0.0061361
0.0090469
0.0077484
0.012502
0.0098452
0.0064083
0.0062956
0.01728
0.011726
0.016054
0.0063158
0.0075094
0.0041998
0.0069734
0.0061675
0.0039967
0.008136
0.008719
0.0080645
0.0096675
0.010732
0.0092067
0.012519
0.01173
0.011553
0.011902
0.016486
0.012029
0.012687
0.0035344
0.0042751
0.0056848
0.0062437
0.0076682
0.0091853
0.0052113
0.0095323
0.0098333
0.010702
0.011881
0.0058928
0.011128
0.0086255
0.0086199
0.019721
0.026106
0.020645
0.018374
0.018797
0.019487
0.019232
0.010585
0.01697
0.022513
0.014309
0.023891
0.019694
0.019737
0.017164
0.02118
0.022971
0.01923
0.019457
0.017699
0.010343
0.012296
0.015389
0.010683
0.011189
0.01285
0.011448
0.011249
0.011608
0.011585
0.010831
0.011124
0.010891
0.0097791
0.011522
0.0082608
0.010152
0.012025
0.007507
0.010201
0.034911
0.028751
0.025651
0.028683
0.020254
0.028663
0.025072
0.021052
0.028861
0.023336
0.020568
0.022491
0.022603
0.023144
0.017331
0.019975
0.015864
0.025711
0.019649
0.023339
0.026341
0.017227
0.016814
0.027671
0.020373
0.022237
0.020704
0.025918
0.022602
0.024234
0.02282
0.022556
0.010232
0.011753
0.0109
0.015521
0.015371
0.015317
0.011678
0.019356
0.015114
0.019346
0.0065331
0.0057658
0.0090534
0.0091051
0.0076896
0.0083636
0.0090038
0.0093416
0.007793
0.0085162
0.0078144
0.0088027
0.0097736
0.0087191
0.0048152
0.0041621
0.0058948
0.0039504
0.0039866
0.0056879
0.0076055
0.0078643
0.0050067
0.006147
0.0067312
0.0055595
0.0076491
0.0053845
0.0067716
0.0058636
0.0056939
0.0069241
0.0050987
0.0050709
0.0075211
0.0069468
0.0082838
0.0082178
0.0070695
0.0073822
0.0068128
0.0083993
0.0095366
0.0089209
0.010624
0.005288
0.005081
0.0031279
0.0036856
0.011037
0.0096023
0.0025036
0.011488
0.010901
0.0087921
0.010685
0.010664
0.010011
0.010904
0.010528
0.010338
0.010586
0.0079047
0.0086289
0.012508
0.011881
0.012145
0.012723
0.017052
0.011029
0.01665
0.018453
0.015458
0.019402
0.005355
0.0079491
0.0074256
0.013359
0.0073461
0.005708
0.0081426
0.0090296
0.0061436
0.0095309
0.0036323
0.0076984
0.0031359
0.009182
0.0083199
0.0093964
0.0088538
0.0039125
0.0078399
0.0088616
0.0083547
0.012511
0.0082259
0.0077714
0.0067046
0.0075692
0.0073449
0.0077917
0.008721
0.019153
0.0176
0.01915
0.018683
0.018647
0.018154
0.019342
0.021241
0.019453
0.018943
0.02023
0.020715
0.019107
0.017697
0.0035299
0.0040659
0.0058195
0.0073512
0.0072082
0.004536
0.0031694
0.0064514
0.0056805
0.0060015
0.0061635
0.0056537
0.0084731
0.0077759
0.008324
0.0092753
0.0083444
0.0051851
0.0043919
0.0064673
0.0073596
0.0094577
0.0054495
0.0056397
0.0071685
0.0048546
0.004869
0.0044747
0.0077968
0.0056643
0.0048237
0.006745
0.0049456
0.0049474
0.0038356
0.0068852
0.0069451
0.0087846
0.00606
0.0085309
0.006927
0.0084882
0.0091544
0.009265
0.012736
0.009495
0.011984
0.0072179
0.0098247
0.012391
0.0076982
0.0093019
0.0099278
0.01039
0.0070323
0.0050579
0.0083024
0.0082547
0.0074834
0.0083833
0.0072727
0.0055932
0.0093477
0.0068524
0.0085578
0.0087614
0.0090713
0.010681
0.012568
0.0093779
0.010031
0.0068113
0.0085811
0.011264
0.012401
0.0052481
0.010877
0.0069845
0.012155
0.013339
0.013671
0.010517
0.0082
0.011055
0.011937
0.01184
0.013498
0.0051441
0.011176
0.013595
0.01204
0.0095994
0.010813
0.012686
0.011195
0.013482
0.010505
0.013392
0.011641
0.014033
0.014177
0.012331
0.012633
0.013166
0.011796
0.012656
0.010771
0.011087
0.011067
0.012888
0.0089601
0.008648
0.011068
0.007747
0.012501
0.0094936
0.01092
0.012035
0.011241
0.011732
0.015907
0.011018
0.011238
0.011278
0.014356
0.011735
0.013198
0.012487
0.012278
0.016038
0.010857
0.013969
0.014915
0.010809
0.0098075
0.011251
0.01259
0.012029
0.011231
0.011615
0.01051
0.012032
0.011646
0.01186
0.010486
0.0097424
0.010757
0.010239
0.011495
0.012498
0.0099082
0.012167
0.011838
0.011118
0.0092535
0.0047011
0.012866
0.010051
0.0075806
0.006729
0.0089236
0.0074862
0.0092816
0.0072606
0.0086127
0.0073291
0.0086586
0.0082336
0.0093761
0.012168
0.0094166
0.010073
0.0067395
0.014361
0.017955
0.022537
0.011106
0.017754
0.0084904
0.020342
0.011272
0.014443
0.023472
0.020395
0.018507
0.019213
0.018515
0.019114
0.017322
0.015806
0.020058
0.021436
0.015444
0.017673
0.010089
0.0090371
0.0084593
0.010581
0.011457
0.011704
0.010769
0.010015
0.0096103
0.013205
0.014089
0.014418
0.0097996
0.015393
0.012113
0.0089745
0.01257
0.0094843
0.0092952
0.0077676
0.015579
0.013604
0.01441
0.013761
0.010773
0.0095463
0.0078662
0.0092739
0.0081263
0.010587
0.011241
0.010954
0.0090689
0.0092871
0.011116
0.0097739
0.011465
0.0089879
0.0089877
0.0093408
0.007636
0.0090443
0.0080048
0.009339
0.0070119
0.008804
0.0092559
0.00752
0.0061864
0.015276
0.014795
0.016348
0.015893
0.010963
0.01403
0.017186
0.0090315
0.010269
0.023142
0.016425
0.012715
0.019122
0.0086017
0.014619
0.015357
0.021331
0.019146
0.019006
0.017766
0.014084
0.017474
0.012395
0.016231
0.01279
0.015761
0.011564
0.0098245
0.0095475
0.0091578
0.010347
0.0099835
0.0087758
0.010725
0.013321
0.0082342
0.01368
0.013385
0.017462
0.013368
0.014915
0.015991
0.018014
0.017959
0.016609
0.0057184
0.0076388
0.010317
0.0083041
0.0069271
0.010676
0.0072047
0.00826
0.007233
0.0082432
0.0068968
0.010409
0.013772
0.010105
0.0091931
0.0099338
0.0098131
0.010024
0.0082278
0.0054458
0.0062974
0.009528
0.010118
0.0092342
0.0067664
0.0086644
0.0099674
0.0058725
0.010316
0.0079142
0.0091516
0.0091356
0.0096557
0.0084026
0.0080671
0.0084237
0.0086066
0.0092103
0.018915
0.012784
0.019701
0.0090776
0.016432
0.0072299
0.018818
0.015099
0.012696
0.010867
0.017854
0.009869
0.014514
0.013987
0.010139
0.010779
0.014467
0.012684
0.011564
0.0144
0.013637
0.014296
0.0067161
0.0067859
0.0086027
0.0060819
0.012938
0.0088304
0.012009
0.011508
0.0067171
0.0084725
0.0087154
0.0078972
0.0077857
0.0092764
0.0091492
0.0094353
0.0072351
0.0098677
0.014428
0.01216
0.0098512
0.0082985
0.011798
0.013703
0.0081456
0.012771
0.014185
0.0087654
0.012673
0.01307
0.0087154
0.011754
0.009583
0.013693
0.00751
0.0066584
0.0066114
0.0059861
0.0068772
0.0093361
0.0086243
0.0093365
0.014383
0.01294
0.010879
0.011845
0.0075749
0.0095105
0.006986
0.0064297
0.0067138
0.0075305
0.0085506
0.011195
0.0063132
0.0094369
0.0068876
0.0078406
0.010899
0.0070533
0.0075659
0.011387
0.012792
0.0080247
0.0083446
0.013937
0.011778
0.0099401
0.015345
0.0075353
0.0075669
0.011085
0.013217
0.014085
0.013865
0.013537
0.010875
0.010077
0.01124
0.0078385
0.013236
0.011138
0.011908
0.0143
0.012927
0.014413
0.01014
0.012847
0.012411
0.012801
0.010569
0.010021
0.013144
0.012478
0.011376
0.013156
0.01276
0.013841
0.0083157
0.014635
0.014136
0.013414
0.012435
0.015073
0.013672
0.015475
0.015753
0.013907
0.014987
0.0088167
0.0072356
0.010186
0.0071856
0.0087919
0.0073805
0.0094134
0.0059881
0.011891
0.01037
0.010906
0.010765
0.009774
0.0076264
0.010062
0.013611
0.012636
0.012195
0.0088974
0.013812
0.011988
0.016682
0.015426
0.011385
0.012815
0.010516
0.012775
0.0056455
0.0067057
0.0077683
0.0063577
0.0070067
0.0063139
0.0062189
0.014781
0.015157
0.012466
0.010425
0.011204
0.013042
0.0093502
0.0074082
0.010345
0.011718
0.015051
0.010917
0.014389
0.0086685
0.014509
0.014052
0.0077392
0.0070084
0.015966
0.012703
0.018043
0.016017
0.0089165
0.010759
0.0069211
0.0072867
0.0073054
0.0081801
0.0053078
0.0063776
0.0054445
0.0059067
0.0072349
0.0077536
0.0041002
0.0058168
0.0056914
0.0073156
0.0067399
0.0055696
0.0059623
0.0058122
0.0070943
0.0073068
0.0054232
0.0038459
0.0059781
0.0060063
0.004615
0.0045814
0.0082046
0.0087135
0.010633
0.0096154
0.0076873
0.006266
0.0094059
0.0096692
0.010679
0.010529
0.0096776
0.0077276
0.01045
0.0078158
0.0051905
0.0084501
0.0070573
0.0066321
0.0054637
0.0043367
0.005071
0.0067187
0.0081726
0.0079507
0.0058404
0.0050706
0.00463
0.0068153
0.0043827
0.0065277
0.0065168
0.0072842
0.005701
0.0082504
0.0071872
0.0068712
0.0087104
0.0072928
0.0093151
0.006556
0.0090244
0.0082654
0.0061332
0.0082839
0.010064
0.0082414
0.0072173
0.0097923
0.0094598
0.0078835
0.010805
0.009273
0.0078858
0.013336
0.010196
0.0070267
0.0072691
0.0060481
0.0060429
0.0072744
0.0087234
0.0052668
0.0064515
0.0051705
0.0073803
0.0052557
0.0057177
0.0060101
0.0076722
0.0068422
0.0073709
0.0073463
0.014799
0.015604
0.013536
0.013202
0.0076006
0.0094643
0.011336
0.010987
0.013699
0.011023
0.010711
0.0074991
0.0090627
0.0098271
0.010552
0.011782
0.010481
0.0088994
0.0090889
0.0074681
0.0089873
0.007375
0.0075278
0.01148
0.013975
0.013567
0.014474
0.01329
0.01349
0.015743
0.014985
0.017992
0.017514
0.0086323
0.010788
0.0090683
0.0087159
0.0082827
0.0080183
0.007135
0.0077754
0.013093
0.012865
0.019034
0.0087351
0.0090174
0.0053432
0.0052477
0.0056146
0.0060373
0.0069648
0.0043889
0.0046069
0.0056366
0.0173
0.022089
0.017372
0.021315
0.012674
0.018264
0.021701
0.021794
0.020161
0.019896
0.023096
0.023219
0.020631
0.020148
0.026443
0.019791
0.016868
0.022652
0.022222
0.027288
0.02479
0.018166
0.024153
0.022479
0.02483
0.025403
0.022077
0.024245
0.021001
0.022021
0.021788
0.011247
0.0095113
0.0096655
0.015046
0.0088306
0.0082161
0.0077977
0.0086781
0.014884
0.013343
0.0091544
0.022436
0.009825
0.01236
0.012128
0.016358
0.01664
0.013034
0.013289
0.014979
0.0069418
0.0075316
0.0079014
0.0074147
0.0083981
0.0066957
0.0072268
0.0077288
0.0071018
0.006036
0.0091461
0.0062743
0.0064935
0.0086744
0.0084307
0.0075392
0.0083213
0.010271
0.0056912
0.01113
0.009585
0.023346
0.017103
0.024566
0.023191
0.020956
0.020335
0.024103
0.021598
0.020825
0.026519
0.025108
0.018251
0.018194
0.0087529
0.0085014
0.0078455
0.0064131
0.0073093
0.012471
0.0097745
0.013168
0.010974
0.0088164
0.0097455
0.0092631
0.013636
0.0121
0.015069
0.013224
0.012485
0.01356
0.014097
0.012181
0.016127
0.012963
0.013643
0.014314
0.013668
0.014319
0.014997
0.012786
0.013948
0.015213
0.01345
0.011226
0.014851
0.015194
0.018001
0.016624
0.0143
0.014797
0.014319
0.012578
0.014777
0.01293
0.013423
0.012774
0.015015
0.017525
0.015605
0.017641
0.010341
0.0066287
0.0061104
0.0065726
0.0056341
0.010336
0.0064813
0.0055714
0.00672
0.01092
0.0056692
0.0058043
0.013011
0.0078484
0.0079773
0.0055226
0.0060844
0.0074913
0.0061443
0.0071109
0.006229
0.010059
0.0069729
0.009483
0.0083348
0.013321
0.010951
0.01137
0.0090935
0.013043
0.013555
0.012269
0.013982
0.011847
0.012224
0.019202
0.017623
0.010633
0.011447
0.01621
0.014256
0.017324
0.017304
0.011854
0.014049
0.01297
0.013175
0.012671
0.014257
0.012041
0.013133
0.01209
0.013705
0.017132
0.018379
0.0080874
0.0090668
0.0085636
0.0075427
0.011037
0.0088424
0.0088554
0.011506
0.0079117
0.0098883
0.009982
0.010702
0.0087555
0.014454
0.012678
0.0095655
0.0098139
0.010044
0.011129
0.012532
0.013991
0.0146
0.013799
0.013716
0.012976
0.015408
0.012115
0.015139
0.014365
0.011875
0.012952
0.014144
0.014453
0.0089434
0.0094392
0.0089773
0.0091645
0.013625
0.011674
0.012144
0.0098361
0.014192
0.01284
0.010454
0.0091033
0.014466
0.0086652
0.014781
0.016522
0.009272
0.016104
0.018487
0.0084852
0.015338
0.016297
0.01422
0.013104
0.019078
0.014477
0.020321
0.01883
0.013233
0.016862
0.015127
0.01556
0.016301
0.018391
0.013906
0.017427
0.011248
0.012149
0.012647
0.0093006
0.010811
0.0078379
0.011009
0.008846
0.0080505
0.0096594
0.010024
0.0097891
0.010801
0.011442
0.0088918
0.0076016
0.0098139
0.009843
0.011105
0.010878
0.0099017
0.010417
0.0083346
0.0083617
0.0074628
0.0070833
0.0084942
0.0086599
0.0083811
0.0097626
0.010216
0.0092895
0.0077206
0.0086861
0.0097084
0.010881
0.011707
0.0093488
0.013667
0.0096971
0.0087016
0.010765
0.0080774
0.0085437
0.0084894
0.0088787
0.010215
0.0079814
0.00896
0.0096644
0.0078906
0.0085507
0.011257
0.011345
0.010492
0.01142
0.010278
0.0084001
0.007532
0.011118
0.0068244
0.013515
0.0079401
0.0063731
0.0093906
0.0060688
0.012319
0.010684
0.013764
0.0055096
0.0057825
0.0067715
0.0088545
0.008687
0.0078731
0.0081784
0.011924
0.012865
0.012993
0.010853
0.010577
0.010117
0.011924
0.0081627
0.011033
0.01072
0.011554
0.010291
0.011857
0.012088
0.013585
0.01375
0.010061
0.0095543
0.013974
0.014652
0.010652
0.011406
0.010609
0.015249
0.011291
0.011086
0.015039
0.014044
0.01156
0.010322
0.013105
0.010414
0.011122
0.011728
0.013847
0.012517
0.012997
0.014961
0.012361
0.014525
0.014879
0.013252
0.015408
0.0096187
0.010972
0.011646
0.011222
0.010352
0.010723
0.0098352
0.01087
0.010297
0.01095
0.011609
0.010974
0.010219
0.011202
0.011001
0.011831
0.013696
0.014155
0.015304
0.014878
0.012393
0.016185
0.015054
0.010253
0.015651
0.016442
0.017553
0.013821
0.012106
0.013824
0.013655
0.013102
0.014165
0.016319
0.012008
0.009825
0.007945
0.011955
0.012611
0.011998
0.010569
0.0123
0.0086894
0.0086671
0.0098441
0.0096413
0.01373
0.011263
0.014039
0.011602
0.014092
0.011894
0.014538
0.01311
0.011914
0.01152
0.011339
0.012614
0.012887
0.016301
0.014718
0.016174
0.012885
0.015875
0.016462
0.01043
0.011235
0.012332
0.014935
0.015926
0.01207
0.012578
0.014917
0.0084399
0.0073021
0.011299
0.0095692
0.011963
0.0085186
0.012881
0.011736
0.012409
0.0070592
0.0060634
0.0056411
0.007888
0.0076537
0.012997
0.011194
0.0090912
0.0090681
0.0085929
0.01027
0.0079919
0.0095487
0.0085656
0.009959
0.014107
0.013667
0.010069
0.011381
0.01398
0.010808
0.009697
0.010777
0.0097423
0.01025
0.0085789
0.0095224
0.0090624
0.0079148
0.0075853
0.0063819
0.0068678
0.008505
0.01578
0.012445
0.012222
0.0079073
0.0081569
0.010088
0.010223
0.0069254
0.0081288
0.0068558
0.0069404
0.0041568
0.0060834
0.0063539
0.0064746
0.0057477
0.0056291
0.0077718
0.0057868
0.0086188
0.0092472
0.0092892
0.0082971
0.0076897
0.0055611
0.0061808
0.010572
0.0065898
0.010579
0.0061551
0.010465
0.013072
0.011564
0.014638
0.016058
0.015434
0.014912
0.018967
0.0079545
0.011208
0.014719
0.016974
0.016472
0.015546
0.013015
0.011361
0.010469
0.0073599
0.013328
0.013729
0.0082289
0.0087153
0.0114
0.019
0.0092282
0.010022
0.0074484
0.010447
0.0053275
0.0090966
0.0092549
0.0071645
0.0078509
0.0074069
0.0064718
0.005219
0.0051194
0.0068554
0.0094722
0.004406
0.0083783
0.0097252
0.0067793
0.019942
0.014872
0.009123
0.01766
0.0070738
0.011991
0.0099097
0.018832
0.0059333
0.010327
0.0092433
0.0091207
0.014967
0.0097196
0.0065424
0.0098358
0.011181
0.010579
0.011566
0.012133
0.014146
0.010545
0.013934
0.014757
0.015531
0.014874
0.0057496
0.0061218
0.0052842
0.0052969
0.0082373
0.007063
0.0056093
0.0080502
0.0076211
0.0088231
0.0072195
0.0072375
0.0084005
0.0074038
0.0080336
0.0074534
0.011763
0.0088581
0.010062
0.010445
0.0054235
0.0098336
0.010295
0.010575
0.011652
0.011017
0.016214
0.014097
0.014507
0.01664
0.01687
0.015598
0.013378
0.016726
0.018561
0.01787
0.0079227
0.006653
0.009225
0.0090811
0.0083875
0.0072561
0.0075136
0.0056107
0.0064785
0.003729
0.0066522
0.0049483
0.0011018
0.010403
0.016282
0.013966
0.010203
0.012105
0.01392
0.0061885
0.0086742
0.0085005
0.0087645
0.0085902
0.007058
0.0064339
0.0067632
0.0063269
0.0072956
0.0053622
0.0081356
0.0077112
0.0076124
0.0062261
0.0076349
0.0068886
0.0068879
0.0073547
0.00776
0.012351
0.013422
0.0089413
0.01102
0.010468
0.0094545
0.010509
0.0064605
0.0062175
0.0065653
0.006595
0.007448
0.0050566
0.0063587
0.0051128
0.0069585
0.0034854
0.0041137
0.0046727
0.0050726
0.0041203
0.0059515
0.005242
0.0053088
0.0052809
0.0062538
0.0034467
0.0070878
0.0054401
0.007515
0.0077815
0.0055374
0.0033436
0.009286
0.011253
0.012401
0.012305
0.011127
0.010816
0.0065433
0.0068213
0.010284
0.0086559
0.008455
0.010036
0.0074758
0.0068873
0.0056695
0.0056811
0.0080137
0.0097516
0.0069392
0.007627
0.009912
0.0096914
0.0086405
0.0049729
0.0074607
0.0089575
0.0075707
0.0062082
0.0072741
0.0055544
0.0060413
0.0059318
0.0089969
0.0069179
0.0083132
0.00712
0.014805
0.011044
0.0099341
0.0089853
0.0090121
0.012535
0.013061
0.0096856
0.0075894
0.0063924
0.0046818
0.005398
0.0029402
0.0082268
0.0074067
0.0042509
0.0050591
0.0085305
0.0047246
0.007192
0.008426
0.0094109
0.0077831
0.0088269
0.0085195
0.0085267
0.0097014
0.0096698
0.0054511
0.009582
0.0079282
0.0055627
0.007551
0.010639
0.0065729
0.0088526
0.011023
0.012497
0.010239
0.0070397
0.0058419
0.016335
0.012696
0.013507
0.011505
0.010575
0.0087515
0.01023
0.010045
0.012983
0.010433
0.010359
0.013461
0.01178
0.011989
0.01397
0.01409
0.014153
0.012719
0.014523
0.014567
0.01208
0.014677
0.014111
0.01182
0.013075
0.013401
0.012798
0.013183
0.012407
0.015537
0.013679
0.0075465
0.0081822
0.0088547
0.010499
0.0094575
0.010568
0.0088536
0.0096293
0.0096695
0.012962
0.010075
0.01092
0.012398
0.013547
0.014558
0.013194
0.013763
0.012241
0.013464
0.013124
0.012073
0.013546
0.015437
0.016091
0.014766
0.015141
0.014528
0.011003
0.013741
0.012981
0.014257
0.012858
0.015459
0.013923
0.013994
0.012139
0.015247
0.013521
0.01768
0.014783
0.014616
0.014733
0.016666
0.019665
0.020263
0.012972
0.017752
0.017792
0.019155
0.014026
0.016262
0.015469
0.014685
0.014982
0.015559
0.01524
0.018028
0.019377
0.018193
0.017989
0.017443
0.014481
0.017095
0.015571
0.013751
0.015075
0.01428
0.014574
0.013651
0.015811
0.014257
0.015087
0.0159
0.015118
0.010293
0.013735
0.014826
0.011773
0.015296
0.01895
0.013752
0.018875
0.015018
0.013274
0.018202
0.016694
0.014222
0.012751
0.016119
0.0087507
0.011531
0.010513
0.011021
0.011479
0.010154
0.011
0.014461
0.013065
0.011482
0.013272
0.016147
0.01643
0.010218
0.015675
0.011971
0.012142
0.011439
0.011654
0.011714
0.010652
0.013541
0.0095946
0.012926
0.012283
0.013917
0.014298
0.0097297
0.012225
0.0086675
0.011153
0.011749
0.013585
0.01338
0.012536
0.012265
0.014763
0.015051
0.01444
0.016407
0.01379
0.013333
0.010663
0.012085
0.0098731
0.0095596
0.008663
0.0094119
0.0087661
0.0079792
0.014573
0.014589
0.015258
0.015719
0.013726
0.013609
0.014676
0.012205
0.011534
0.01446
0.014044
0.011439
0.012114
0.011754
0.010012
0.014346
0.014588
0.014356
0.013921
0.012254
0.011882
0.011909
0.008834
0.013976
0.01084
0.0096528
0.010369
0.010147
0.0098818
0.0099974
0.0087424
0.009595
0.010201
0.0087047
0.014906
0.01468
0.013071
0.013568
0.012101
0.013062
0.015428
0.014123
0.01432
0.011872
0.013451
0.012974
0.012018
0.012406
0.012258
0.014621
0.017476
0.0078054
0.0084176
0.011081
0.0066031
0.0091046
0.01105
0.0072455
0.0071667
0.0076655
0.0069178
0.0094436
0.007862
0.0072219
0.0092305
0.0084001
0.0085539
0.0085116
0.0089238
0.011181
0.0075098
0.007262
0.0087753
0.011378
0.011992
0.0092736
0.013929
0.014556
0.016058
0.0091844
0.013963
0.011891
0.013204
0.012223
0.011904
0.011132
0.01396
0.013508
0.013083
0.010998
0.011935
0.0090395
0.010603
0.0077552
0.010335
0.008759
0.0087433
0.0092791
0.0082466
0.006772
0.0081846
0.0085309
0.0095673
0.0084894
0.014809
0.019486
0.0070363
0.0067492
0.0080195
0.0089075
0.0079136
0.0087106
0.010356
0.013805
0.010937
0.010343
0.019423
0.019941
0.017573
0.015368
0.016153
0.016569
0.012756
0.014942
0.014951
0.0094005
0.0080255
0.0067281
0.0081111
0.0098323
0.0070031
0.010315
0.0069926
0.0092402
0.013727
0.018675
0.016535
0.0048946
0.0042683
0.0075319
0.004907
0.0047666
0.012931
0.0073924
0.0085539
0.0098464
0.011122
0.019951
0.0095408
0.012269
0.0081135
0.016129
0.0075675
0.0078979
0.0074549
0.0082013
0.01533
0.0078955
0.0062844
0.0089411
0.0066382
0.0072021
0.018354
0.017629
0.016238
0.016819
0.015463
0.015828
0.012981
0.0061734
0.0054223
0.0049474
0.0059006
0.0063785
0.0069096
0.0063504
0.0066648
0.0054526
0.0053391
0.006589
0.0062166
0.0057505
0.0093802
0.009774
0.010279
0.012723
0.010367
0.010276
0.0062457
0.010654
0.0094745
0.0090276
0.012892
0.01474
0.011593
0.0089366
0.0080442
0.014435
0.010083
0.012009
0.0056235
0.009371
0.0099004
0.0085116
0.0086989
0.011118
0.013059
0.013484
0.01098
0.011934
0.0046298
0.0068583
0.0054932
0.0051884
0.0061587
0.0059451
0.0060814
0.0053275
0.010559
0.0081422
0.0061421
0.0055026
0.0099656
0.010284
0.0052945
0.0056304
0.010957
0.0044682
0.0096746
0.0070995
0.0078764
0.0073802
0.0055926
0.0050151
0.012701
0.0063822
0.0050797
0.0053751
0.012449
0.011491
0.011706
0.0083425
0.010473
0.011533
0.003597
0.0031854
0.011698
0.011853
0.012112
0.011199
0.0048049
0.013345
0.015199
0.0044915
0.005086
0.010851
0.0070284
0.0068252
0.012228
0.0055798
0.0065484
0.0062114
0.0063232
0.014238
0.013317
0.0051808
0.0041448
0.0041944
0.0051045
0.0038647
0.0044669
0.004482
0.0078207
0.0051473
0.0037137
0.0038739
0.0068655
0.0064751
0.0085184
0.010134
0.0030044
0.0097679
0.0068478
0.0036372
0.011205
0.013086
0.0082936
0.0049694
0.010176
0.013154
0.0123
0.0071554
0.017881
0.0055249
0.0044497
0.0033105
0.0044633
0.0043549
0.0041741
0.0028877
0.0039232
0.0036316
0.0040346
0.0042172
0.0051357
0.0053759
0.0084712
0.011235
0.0091955
0.0071272
0.0065142
0.0082869
0.0088256
0.0090851
0.0075502
0.010811
0.0074391
0.0063018
0.0063681
0.0059337
0.0091835
0.0082476
0.0062489
0.0046196
0.0063188
0.0049475
0.0076402
0.0050204
0.006413
0.0044091
0.0089136
0.004872
0.010202
0.012715
0.013397
0.012832
0.0082989
0.0090509
0.010804
0.015777
0.015041
0.010119
0.013939
0.016185
0.016273
0.015273
0.010361
0.019874
0.015572
0.01967
0.016224
0.013724
0.014571
0.021394
0.010725
0.01056
0.023055
0.016501
0.019301
0.016155
0.015531
0.016435
0.015206
0.01678
0.016901
0.01812
0.017209
0.017575
0.019035
0.023353
0.019779
0.019185
0.013214
0.022715
0.015735
0.010367
0.010718
0.014209
0.015102
0.012551
0.01478
0.013468
0.0116
0.010566
0.009781
0.0095376
0.014729
0.016003
0.01982
0.018011
0.018133
0.013607
0.016141
0.019068
0.013918
0.013053
0.012919
0.013616
0.018593
0.013656
0.017208
0.010974
0.020161
0.013425
0.016978
0.013538
0.020485
0.023072
0.014872
0.023119
0.012025
0.020729
0.01415
0.013828
0.0098879
0.013092
0.012763
0.014042
0.014296
0.0099779
0.011674
0.012219
0.0089784
0.0085684
0.0097613
0.010118
0.0086539
0.011649
0.013912
0.0118
0.016872
0.018732
0.018579
0.019292
0.018648
0.019001
0.019613
0.018872
0.016965
0.015487
0.0111
0.0089815
0.011351
0.010391
0.010481
0.010829
0.012043
0.010588
0.011543
0.011936
0.012771
0.010683
0.01141
0.012207
0.0091882
0.013068
0.012257
0.0077916
0.0086916
0.010127
0.011522
0.01471
0.016913
0.017076
0.016848
0.015919
0.017426
0.018377
0.017224
0.0171
0.012742
0.011001
0.0097041
0.012905
0.013664
0.010981
0.0086556
0.009656
0.014444
0.010925
0.010318
0.0096106
0.0098277
0.011765
0.0086829
0.0090878
0.010237
0.010765
0.011772
0.012474
0.01696
0.0095286
0.008856
0.0091405
0.0096088
0.012961
0.012874
0.013842
0.014607
0.0088451
0.011499
0.0097968
0.012242
0.011449
0.010942
0.010345
0.01238
0.011489
0.01159
0.01236
0.0096605
0.0092018
0.0094476
0.010898
0.011912
0.010473
0.012235
0.013111
0.013038
0.0081312
0.0085928
0.0091529
0.011004
0.0082007
0.0080885
0.010251
0.0090472
0.01122
0.011032
0.011697
0.0090286
0.010778
0.0075435
0.012046
0.0084947
0.0090221
0.010077
0.011296
0.0092488
0.011791
0.012735
0.011957
0.008365
0.011537
0.0083218
0.010358
0.0085869
0.0091866
0.0078237
0.0080063
0.0063734
0.010035
0.0083608
0.0077541
0.0091979
0.00795
0.0092705
0.0068797
0.0069578
0.0053837
0.0085617
0.0069307
0.0070877
0.0074164
0.0087917
0.0075668
0.006608
0.0056468
0.0070598
0.0054181
0.0077152
0.005782
0.0065299
0.0067143
0.0067342
0.007182
0.0088257
0.0065817
0.007196
0.005748
0.006912
0.0061527
0.0061734
0.0067194
0.0057102
0.0075942
0.012507
0.0085765
0.010203
0.012847
0.0091965
0.013069
0.0069413
0.012395
0.014529
0.009979
0.013297
0.015357
0.014594
0.005791
0.0075055
0.0065747
0.0061518
0.0053478
0.006062
0.0075952
0.00655
0.0076871
0.01141
0.0072718
0.012297
0.0064432
0.0090527
0.0094969
0.0087636
0.0059004
0.0073131
0.0047877
0.0049613
0.0066069
0.0060692
0.0066195
0.0072331
0.005728
0.0061389
0.0066092
0.0063135
0.010839
0.0065989
0.014837
0.015164
0.015839
0.014276
0.017216
0.016564
0.015931
0.015464
0.016718
0.014845
0.014913
0.015539
0.013211
0.0053592
0.0066169
0.0057529
0.0062051
0.0074018
0.007545
0.0058487
0.0058413
0.0068295
0.0060501
0.0059711
0.0066659
0.0093094
0.0077741
0.006586
0.014094
0.0057689
0.0044855
0.0086982
0.014219
0.012248
0.015483
0.0084515
0.016064
0.01887
0.015524
0.011831
0.010789
0.017375
0.015965
0.014909
0.014072
0.015024
0.018615
0.015969
0.021487
0.017426
0.015561
0.013716
0.01221
0.0076784
0.0068062
0.011999
0.0082689
0.013066
0.009699
0.01093
0.015406
0.018234
0.011924
0.013541
0.017527
0.012983
0.013881
0.012479
0.015426
0.016004
0.017887
0.020419
0.013814
0.016206
0.019861
0.016777
0.012939
0.019204
0.021425
0.016297
0.0088891
0.010988
0.020636
0.022495
0.021733
0.01862
0.020745
0.023459
0.0060965
0.0077033
0.0066556
0.012046
0.012121
0.010038
0.0096253
0.012375
0.013198
0.0095089
0.0075367
0.0067638
0.0099453
0.010855
0.011761
0.018261
0.015678
0.015758
0.015849
0.017571
0.0081096
0.016138
0.013665
0.011034
0.012051
0.017658
0.012321
0.011198
0.013076
0.011938
0.016306
0.01214
0.016013
0.011483
0.014455
0.01686
0.015742
0.020476
0.012451
0.01242
0.01245
0.013223
0.010898
0.012743
0.018816
0.01959
0.016859
0.011752
0.016587
0.014056
0.015239
0.016907
0.016386
0.01866
0.012171
0.017217
0.015026
0.011957
0.013464
0.012281
0.0099966
0.011727
0.010768
0.013452
0.012883
0.017419
0.01394
0.014542
0.016783
0.016957
0.018864
0.018466
0.014287
0.013423
0.010678
0.013274
0.013752
0.012593
0.012405
0.01279
0.012006
0.011464
0.0096398
0.011966
0.012324
0.011746
0.013883
0.0098123
0.014185
0.013164
0.015031
0.017104
0.013982
0.014107
0.014612
0.013635
0.014994
0.015883
0.01425
0.0103
0.014523
0.0092054
0.012939
0.010575
0.009786
0.01292
0.010351
0.0098283
0.010208
0.009241
0.010278
0.011013
0.0095828
0.0095247
0.010322
0.011104
0.01091
0.0090686
0.012569
0.0083019
0.0095093
0.010899
0.010757
0.010103
0.010593
0.011981
0.011622
0.010931
0.010508
0.010232
0.0096182
0.0091447
0.0096112
0.0091244
0.0097693
0.011293
0.0099912
0.0091729
0.0093582
0.0090233
0.0073498
0.0086673
0.0098044
0.0088801
0.0093389
0.0075509
0.010091
0.008107
0.0083876
0.0094345
0.0091771
0.011704
0.0092227
0.0080458
0.01015
0.010362
0.0078243
0.00635
0.0078808
0.0082609
0.0090565
0.0071339
0.0074023
0.0071298
0.0084838
0.0099307
0.0091379
0.0095466
0.0070158
0.0095221
0.0085374
0.008378
0.010584
0.0082254
0.0069037
0.0078463
0.0066272
0.0074079
0.0066352
0.0070411
0.0080118
0.0058745
0.0088959
0.0095782
0.0080579
0.0077664
0.0065424
0.0070025
0.0071983
0.0075659
0.0086156
0.0091617
0.0068381
0.0096837
0.0079191
0.0059098
0.0063784
0.0084733
0.0074749
0.016967
0.013033
0.0064289
0.007726
0.0082042
0.014934
0.012468
0.012738
0.010483
0.011301
0.012635
0.011654
0.0084819
0.011254
0.011861
0.010391
0.011374
0.009683
0.0043854
0.0056463
0.0050999
0.0049541
0.0069111
0.0059977
0.005637
0.007647
0.0080001
0.0070475
0.0084775
0.0075751
0.0077178
0.0076877
0.0091447
0.014629
0.015612
0.02053
0.020109
0.016412
0.016297
0.017492
0.016145
0.018332
0.010537
0.015613
0.014023
0.0072139
0.0083376
0.014673
0.010184
0.013794
0.013282
0.011847
0.013246
0.015096
0.01483
0.0093598
0.013516
0.011302
0.0087655
0.0095226
0.0086443
0.013266
0.014732
0.0050506
0.0058955
0.0083778
0.0075217
0.0063603
0.0079097
0.0099942
0.009331
0.0098413
0.010545
0.0027666
0.013706
0.01473
0.0052045
0.0068259
0.0068909
0.0080619
0.019462
0.011374
0.0033322
0.0053475
0.022762
