0.0080818
0.0076094
0.010589
0.0095704
0.010293
0.01186
0.01124
0.014566
0.0096723
0.014628
0.0049015
0.011557
0.012974
0.0066493
0.016417
0.016133
0.0041852
0.0085381
0.01125
0.010507
0.0096352
0.011414
0.013329
0.01437
0.012392
0.0092026
0.0061302
0.0068085
0.0093282
0.0077913
0.0078164
0.0013534
0.0075872
0.0077324
0.0012547
0.015883
0.014134
0.0052413
0.005157
0.00345
0.0044158
0.0067887
0.0050547
0.0061499
0.006092
0.0037408
0.0053553
0.010622
0.025448
0.0096735
0.0080981
0.0066166
0.0067112
0.015857
0.01875
0.0083298
0.005187
0.0086862
0.0075736
0.0049856
0.006442
0.006366
0.012643
0.0049924
0.00088831
0.0049485
0.0029764
0.013478
0.01329
0.00156
0.010797
0.0041068
0.0032888
0.0045905
6.6178e-05
0.0033324
0.0052677
0.0044138
0.0012685
0.0076105
0.007153
0.0093423
0.010014
0.0086896
0.006824
0.0051633
0.0086263
0.009625
0.0073645
0.0061789
0.0088501
0.011954
0.0061481
0.012501
0.0092054
0.011878
0.0087803
0.0096103
0.01142
0.010759
0.0053028
0.003019
0.010628
0.0082454
0.0087054
0.010498
0.010806
0.012238
0.011805
0.011505
0.0064652
0.019617
0.0052972
0.0097463
0.010098
0.0065163
0.0048623
0.0072758
0.0077167
0.010418
0.0082705
0.0082513
0.015893
0.0056132
0.0083948
0.0062162
0.0083541
0.0071863
0.0057657
0.0061353
0.0070156
0.013902
0.0069775
0.010431
0.013102
0.012376
0.014978
0.013402
0.017378
0.017285
0.012066
0.015376
0.018004
0.014539
0.0089125
0.010603
0.0074483
0.0097714
0.009072
0.011808
0.0035367
0
0.0036594
0.0030139
0.0033664
0.0030459
0.0043375
0.0029205
0.0021018
0.0032453
0.0030425
0.0073474
0.0062211
0.0043345
0.012969
0.0084286
0.0086432
0.0098209
0.0062178
0.007876
0.01009
0.012972
0.015149
0.0099152
0.0038944
0.0050502
0.0030094
0.0044528
0.0046826
0.0091129
0.015679
0.00065345
0.0048724
0.0016478
0.00011612
0.0045786
0.0036708
0.022845
0.01679
0.0044701
0.0027006
0.013536
0.0042734
0.0019745
0.003747
0.0024658
0.0055708
0.0035594
0.0063335
0.0076316
0.0097613
0.011961
0.008824
0.010098
0.013728
0.0043872
0.0060966
0.027222
0.0074896
0.018887
0.0063217
0.0054788
0.0036553
0.008116
0.0035926
0.00057027
0.0052474
0.005572
0.0047265
0.0063419
0.015673
0.010431
0.0050173
0.0034723
0.0059607
0.0039857
0.0055735
0.0097351
0.0061063
0.0077723
0.0061545
0.0051428
0.0077713
0.0046195
0.0058883
0.0068343
0.0069501
0.0037194
0.0043756
0.0069398
0.015578
0.018165
0.0091446
0.015439
0.012169
0.012602
0.013815
0.01529
0.015828
0.013114
0.014937
0.0073668
0.014894
0.016393
0.014348
0.014229
0.010229
0.011407
0.020033
0.014498
0.019742
0.015233
0.02064
0.0055611
0.0071881
0.0070082
0.0091626
0.0074853
0.011115
0.015907
0.012764
0.0074977
0.0046899
0.0090407
0.0040352
0.0062141
0.0054414
0.0036471
0.0066364
0.0052098
0.0056422
0.0068663
0.0046873
0.0078642
0.0072626
0.0070073
0.0058663
0.0055839
0.0071933
0.0059015
0.0087549
0.0097816
0.006788
0.0085926
0.0061083
0.0086441
0.0075195
0.0075008
0.0049267
0.010897
0.0089165
0.0091245
0.005249
0.0057366
0.005789
0.0052065
0.005622
0.0044411
0.0048155
0.0066194
0.0070114
0.019468
0.0057961
0.0052695
0.0066886
0.0096649
0.0061554
0.0041818
0.029587
0.0046171
0.0043015
0.0065779
0.011959
0.0068422
0.0088291
0.0098533
0.010471
0.0062548
0.010008
0.028105
0.0075214
0.0084991
0.020423
0.016467
0.0079718
0.0070558
0.012806
0.0039832
0.013121
0.0064367
0.0054778
0.0071754
0.00574
0.010336
0.0070408
0.0066383
0.0078142
0.0065492
0.013014
0.013595
0.012387
0.012264
0.0090938
0.0084906
0.0096766
0.012025
0.010139
0.011384
0.0070696
0.0075111
0.010958
0.0098704
0.0061754
0.014723
0.010897
0.011626
0.011609
0.0094021
0.014682
0.011078
0.01333
0.011692
0.011769
0.01589
0.01372
0.019695
0.012681
0.0074634
0.007705
0.014915
0.0079917
0.010982
0.018197
0.0080318
0.0082107
0.013226
0.013332
0.01699
0.016773
0.014838
0.018467
0.014028
0.018374
0.019058
0.016348
0.016244
0.018698
0.0095238
0.0095797
0.010415
0.011134
0.0082998
0.0083645
0.0084828
0.0077915
0.014039
0.010483
0.019866
0.01001
0.0082416
0.015533
0.0057435
0.0086734
0.005591
0.0032213
0.003221
0.007493
0.0028742
0.0039922
0.0074859
0.0045755
0.0055445
0.0029489
0.005899
0.007265
0.0053786
0.0043672
0.0075885
0.005269
0.003894
0.0080502
0.010264
0.010636
0.011968
0.013434
0.0031607
0.0061158
0.010638
0.011633
0.0072428
0.0099456
0.0060539
0.0038248
0.0051349
0.0095996
0.014744
0.0033189
0.011696
0.0064599
0.0166
0.0032134
0.0074451
0.0033071
0.0032398
0.0020451
0.0063296
0.0022621
0.0044326
0.017444
0.00098652
0.0024041
0.0013366
0.0023631
0.0031063
0.0078971
0.010956
0.011863
0.0091145
0.0069966
0.01043
0.021685
0.0077031
0.0072364
0.0077135
0.015593
0.0053916
0.0074239
0.012361
0.0053592
0.0049289
0.0040098
0.0099269
0.0092126
0.0094357
0.0101
0.010601
0.0084895
0.0074934
0.0075175
0.012053
0.0096733
0.0099422
0.0062299
0.0043323
0.027782
0.017711
0.0068896
0.0070992
0.006513
0.010874
0.008512
0.0069211
0.0093148
0.0076399
0.007883
0.009492
0.0079528
0.0087282
0.0091181
0.008285
0.010494
0.011766
0.0079347
0.0097844
0.0098119
0.0093326
0.0082517
0.0084984
0.010274
0.006752
0.0074094
0.0072791
0.0067583
0.0070454
0.0063955
0.0081575
0.010417
0.011521
0.014907
0.014729
0.014488
0.0095422
0.0087601
0.0083217
0.0078916
0.013894
0.017806
0.01125
0.012072
0.01134
0.01259
0.016085
0.0086472
0.013004
0.013562
0.017122
0.011374
0.013017
0.01486
0.014135
0.016663
0.014927
0.021574
0.018239
0.019465
0.013737
0.017312
0.015867
0.013438
0.017209
0.012095
0.0097343
0.01655
0.014088
0.012386
0.010226
0.014073
0.0044307
0.0048713
0.0071013
0.0075564
0.0056093
0.009163
0.0063194
0.0076725
0.0057334
0.0055633
0.0040346
0.007151
0.0085865
0.0094122
0.0065996
0.0066829
0.0086342
0.010651
0.0028775
0.011467
0.0063648
0.0049738
0.013812
0.0098695
0.0073026
0.013007
0.010763
0.012578
0.013435
0.016077
0.010125
0.010709
0.012911
0.017566
0.0016855
0.00068681
0.0024211
0.00049796
0.00016797
0.0033933
0.0028125
0.016674
0.010895
0.00076382
0.0071473
0.0002605
0.011344
0.0072395
0.007484
0.00083552
0.011687
0.017992
0.015181
0.0027541
0.0033325
0.00064454
0.0029277
0.0026157
0.0024106
0.0020039
0.00068529
0.0027213
0.0012585
0.0011547
0.0078656
0.00056397
0.001819
0.0010611
0.00056517
0.014958
0.0020517
0.0088014
0.0076787
0.0045893
0.0051424
0.0056716
0.0061457
0.0035354
0.0036221
0.0051075
0.0066379
0.0010874
0.0060278
0.0035062
0.0046314
0.0055544
0.0038837
0.0011365
0.00076604
0.0035922
0.0046851
0.0017274
0.0041646
0.00046116
0.010242
0.0086551
0.0073862
0.0080464
0.009049
0.0069666
0.006397
0.005295
0.0098894
0.0077158
0.0071634
0.017065
0.014575
0.0024796
0.012675
0.0095294
0.010178
0.010609
0.0038828
0.018355
0.016708
0.019685
0.011828
0.01189
0.015343
0.014743
0.014381
0.015279
0.0055039
0.016825
0.013866
0.016343
0.013718
0.014955
0.018136
0.013359
0.013724
0.019681
0.012456
0.018344
0.016738
0.013745
0.025712
0.020288
0.02007
0.021856
0.014916
0.016203
0.017928
0.020319
0.015676
0.019187
0.019053
0.016131
0.017248
0.020721
0.019747
0.022015
0.016637
0.016512
0.018404
0.014298
0.0054703
0.011419
0.0065407
0.012526
0.017957
0.019478
0.019205
0.019104
0.0227
0.019742
0.017733
0.015937
0.019942
0.021463
0.023011
0.02033
0.0043332
0.0071171
0.010115
0.0072577
0.005666
0.0053857
0.018402
0.012417
0.0085792
0.010038
0.015575
0.017685
0.01376
0.006536
0.011353
0.011529
0.012806
0.0060829
0.012294
0.0065332
0.011734
0.0037252
0.011315
0.011258
0.016148
0.012897
0.015609
0.015668
0.014695
0.017516
0.015954
0.016967
0.014941
0.018584
0.018643
0.020333
0.023711
0.016093
0.020884
0.017335
0.012897
0.022705
0.016946
0.024178
0.025143
0.022806
0.01834
0.02067
0.022097
0.013173
0.021461
0.026171
0.01463
0.025561
0.023897
0.0086347
0.0068741
0.010145
0.011158
0.011006
0.0067213
0.011364
0.0067408
0.0076558
0.0077665
0.0081582
0.0081965
0.0098086
0.0094274
0.0081116
0.0080786
0.01318
0.011117
0.0078525
0.0068339
0.0087323
0.0070814
0.0085141
0.0082028
0.0077308
0.0081473
0.0081339
0.0084413
0.0071665
0.006546
0.0085544
0.0065515
0.0043158
0.0082271
0.0064771
0.0070746
0.0059023
0.0077636
0.008241
0.0052671
0.0051528
0.0042828
0.0068433
0.0055997
0.0077719
0.010373
0.0093994
0.0084494
0.0090684
0.01169
0.0097423
0.011552
0.011646
0.0077759
0.0047264
0.0055012
0.0051263
0.0067605
0.0055585
0.004773
0.0063794
0.0061237
0.0069488
0.0060181
0.0078858
0.0066559
0.0078794
0.0083592
0.0067156
0.010699
0.0078654
0.0076292
0.0071044
0.0089163
0.010643
0.0073817
0.0074823
0.010343
0.0091874
0.0074382
0.0069661
0.0078804
0.011318
0.024919
0.0094905
0.0074722
0.0085555
0.011281
0.008068
0.0078219
0.0074544
0.0075074
0.013348
0.0064266
0.0063143
0.0076856
0.0082379
0.0081387
0.0072448
0.0096325
0.010837
0.0097394
0.011457
0.0093019
0.011597
0.011487
0.014642
0.011882
0.010627
0.012779
0.015009
0.013171
0.010579
0.014337
0.013618
0.016783
0.013653
0.012539
0.013613
0.01339
0.016057
0.017031
0.0042086
0.0038651
0.0033876
0.00272
0.003971
0.0028959
0.0039302
0.011087
0.010471
0.010737
0.012311
0.013483
0.017262
0.014606
0.0169
0.014769
0.017275
0.016444
0.018544
0.014627
0.014889
0.010911
0.0092553
0.0093243
0.01328
0.010685
0.013793
0.011746
0.015688
0.01488
0.010721
0.010015
0.012191
0.011077
0.012105
0.0093106
0.0086129
0.0082083
0.0075926
0.00788
0.010296
0.01064
0.0088279
0.011327
0.0079692
0.0084348
0.013524
0.016248
0.010256
0.0094021
0.019472
0.0080397
0.0094613
0.0099969
0.010971
0.013371
0.01308
0.013746
0.01676
0.013389
0.018434
0.016612
0.01264
0.016987
0.01205
0.017665
0.010574
0.015439
0.019322
0.011646
0.011708
0.020779
0.021442
0.017646
0.011743
0.012951
0.022482
0.020598
0.0028897
0.0028514
0.0023978
0.0084566
0.0040787
0.0028254
0.002502
0.001047
0.0028456
0.002101
0.0033093
0.0034979
0.0028266
0.0049668
0.0046442
0.00038301
0.005976
0.0035144
0.011102
0.0026412
0.00046872
0.00088445
0.00087731
0.0049072
0.014975
0.014814
0.016949
0.014975
0.015559
0.013463
0.024694
0.0095068
0.024413
0.024671
0.023783
0.023194
0.02352
0.020995
0.025013
0.027482
0.02869
0.01111
0.0056258
0.0050851
0.011854
0.014075
0.0077233
0.015669
0.0086498
0.0091397
0.016762
0.021121
0.026036
0.023135
0.024305
0.026318
0.02329
0.025571
0.0053027
0.0040896
0.004262
0.0033031
0.0043376
0.0027163
0.0031272
0.0055252
0.0044361
0.01481
0.014843
0.013089
0.014483
0.017471
0.013815
0.023982
0.028276
0.021017
0.025421
0.022653
0.022173
0.020635
0.023345
0.022109
0.019737
0.020342
0.023728
0.023242
0.022744
0.012961
0.019194
0.023747
0.023871
0.023525
0.023497
0.020046
0.021031
0.009723
0.010594
0.0024347
0.018809
0.020157
0.022528
0.016182
0.02074
0.021079
0.024189
0.020569
0.021703
0.022733
0.02505
0.014519
0.013762
0.0063909
0.0068379
0.0064464
0.0038145
0.0078005
0.0059958
0.0047533
0.0068617
0.0046627
0.005252
0.0050779
0.0072717
0.0081605
0.0087604
0.0073426
0.0085708
0.0069574
0.0061472
0.0063208
0.00781
0.0061747
0.0063846
0.0096936
0.0041258
0.0072992
0.0038037
0.0028867
0.012797
0.008852
0.010871
0.0035593
0.006128
0.0067218
0.0078371
0.010378
0.0061826
0.0059224
0.0051222
0.0059522
0.0066133
0.0075697
0.0078333
0.0069384
0.0021469
0.0065674
0.0068781
0.0066843
0.0071393
0.0063835
0.0063906
0.0071194
0.0068102
0.0074045
0.0055866
0.0084485
0.0064201
0.0067413
0.0083035
0.0075164
0.012445
0.0084402
0.012908
0.013143
0.0094969
0.011697
0.01153
0.012235
0.012084
0.012832
0.010137
0.014145
0.012788
0.0088536
0.0047343
0.0086177
0.0094999
0.0065304
0.0065444
0.0092802
0.0066042
0.0075841
0.0069909
0.012166
0.0090213
0.010115
0.0067647
0.012391
0.0078684
0.0082256
0.0077326
0.0080816
0.0070213
0.0071973
0.0075612
0.0071044
0.007919
0.01262
0.0099026
0.010694
0.0093407
0.013399
0.012005
0.010016
0.0086497
0.010796
0.0086078
0.010849
0.0076655
0.0073528
0.0099999
0.0062287
0.0074078
0.0097747
0.0062202
0.0072276
0.0092794
0.0064016
0.0072539
0.0058652
0.0052494
0.005301
0.0066655
0.0061919
0.0069243
0.0070829
0.012656
0.0099543
0.010168
0.010863
0.0096232
0.0097136
0.015724
0.013858
0.0095394
0.012527
0.013928
0.01203
0.010279
0.012348
0.013333
0.013575
0.016564
0.0082109
0.0092676
0.0093165
0.0091896
0.0098483
0.011491
0.010643
0.010926
0.01236
0.0101
0.014603
0.014152
0.0080957
0.0076029
0.0088294
0.013092
0.0086507
0.0098652
0.016467
0.0097443
0.0096496
0.010764
0.012057
0.010943
0.011916
0.013433
0.01461
0.015222
0.0082051
0.0094139
0.010376
0.010904
0.010432
0.014483
0.010659
0.011621
0.0097216
0.011286
0.013982
0.014722
0.014665
0.017048
0.015873
0.0095984
0.016579
0.014484
0.018513
0.016866
0.015915
0.017203
0.020502
0.017564
0.01522
0.021342
0.00086497
0.014087
0.0141
0.01411
0.013643
0.016431
0.012353
0.014356
0.0146
0.013909
0.015462
0.015872
0.014743
0.015525
0.01517
0.015965
0.014681
0.0073528
0.010428
0.011417
0.011925
0.01337
0.014746
0.01396
0.015611
0.013887
0.013152
0.017135
0.02158
0.021229
0.022225
0.021993
0.026279
0.023472
0.020969
0.024647
0.021554
0.024338
0.0020438
0.015391
0.012239
0.01705
0.0142
0.015517
0.015376
0.014812
0.014833
0.012648
0.014357
0.016311
0.013822
0.013293
0.0090465
0.013671
0.010377
0.0094712
0.011097
0.014265
0.010742
0.014477
0.01295
0.014943
0.02125
0.018714
0.020171
0.022845
0.017408
0.022258
0.025433
0.022997
0.025399
0.022973
0.020228
0.022009
0.02001
0.02234
0.023779
0.021319
0.021599
0.023938
0.024797
0.01959
0.023523
0.024073
0.023829
0.023547
0.023629
0.02312
0.024018
0.02098
0.017023
0.015138
0.019554
0.019917
0.019776
0.019175
0.014989
0.016246
0.021735
0.020115
0.018366
0.015776
0.015142
0.015725
0.019318
0.017293
0.016993
0.018685
0.013621
0.018052
0.015721
0.016646
0.018627
0.019688
0.017622
0.020088
0.018169
0.018777
0.0059481
0.0065085
0.0038522
0.0067304
0.005092
0.0074791
0.0042516
0.0066676
0.0042408
0.0072012
0.0039432
0.0069873
0.0095208
0.0079609
0.0086771
0.0051136
0.0043702
0.0047446
0.0035336
0.0034784
0.0042575
0.0039722
0.0045444
0.0060867
0.0061387
0.0042815
0.0057548
0.010283
0.0080284
0.012116
0.0084859
0.015493
0.006153
0.0079607
0.0078997
0.0074216
0.0057056
0.0078505
0.0056711
0.0055606
0.010674
0.0051825
0.0046777
0.0049653
0.005644
0.0058251
0.0063916
0.0053249
0.0067257
0.0056853
0.0068297
0.0054114
0.0086955
0.00713
0.0088755
0.0088438
0.0056584
0.0065076
0.016909
0.0094939
0.0075001
0.0063373
0.0060748
0.0084028
0.007189
0.0070077
0.0085775
0.0091311
0.0088356
0.011401
0.013969
0.010914
0.0072562
0.0088011
0.0051633
0.0065242
0.0092098
0.0077552
0.0084991
0.0064769
0.010005
0.0081232
0.010985
0.0073394
0.013782
0.01373
0.0054986
0.014869
0.014996
0.012132
0.014156
0.019306
0.015714
0.016223
0.0088194
0.0096008
0.010275
0.0090453
0.0098989
0.012175
0.011287
0.0097336
0.01165
0.013223
0.011469
0.0073644
0.0094479
0.014864
0.007509
0.010489
0.012804
0.015991
0.0095633
0.010374
0.013127
0.011696
0.011516
0.0131
0.012476
0.01018
0.01275
0.012722
0.0083266
0.011
0.010989
0.0065896
0.0099596
0.010061
0.0029997
0.0075173
0.012082
0.020853
0.01269
0.010452
0.011789
0.013485
0.010232
0.014563
0.010213
0.012923
0.010932
0.010252
0.0094121
0.011883
0.011997
0.0098141
0.0093947
0.010736
0.012877
0.013123
0.013831
0.011091
0.015899
0.013903
0.014367
0.012637
0.014114
0.014303
0.018058
0.020241
0.012522
0.014156
0.015989
0.01517
0.0141
0.01232
0.017672
0.017683
0.019933
0.017751
0.019999
0.021021
0.015183
0.013438
0.012301
0.013694
0.010105
0.011013
0.014337
0.015855
0.016408
0.018536
0.018914
0.012914
0.017264
0.014321
0.01774
0.01567
0.013386
0.015749
0.016989
0.015096
0.015151
0.021412
0.020929
0.018723
0.02596
0.023106
0.014406
0.011508
0.011702
0.011715
0.011039
0.010289
0.012253
0.014171
0.015134
0.01449
0.011489
0.013238
0.015709
0.016734
0.015861
0.013679
0.012201
0.012342
0.017308
0.015217
0.014468
0.014671
0.015408
0.015172
0.012744
0.025495
0.024582
0.02187
0.026996
0.021752
0.017859
0.025707
0.023048
0.0032632
0.013791
0.018944
0.016385
0.017798
0.017989
0.013749
0.019199
0.003117
0.019083
0.016968
0.015485
0.017065
0.014093
0.016843
0.014278
0.020631
0.019731
0.01862
0.020129
0.018203
0.024512
0.019354
0.0042606
0.020969
0.019796
0.020516
0.020255
0.02412
0.024016
0.024975
0.023109
0.012502
0.014329
0.015495
0.018491
0.020562
0.024157
0.011748
0.012626
0.015136
0.014788
0.015765
0.015133
0.017245
0.016665
0.014945
0.01428
0.0141
0.013059
0.017062
0.014217
0.015133
0.014671
0.017727
0.017577
0.020291
0.02432
0.02881
0.024729
0.023916
0.022543
0.024482
0.021798
0.020789
0.021876
0.016911
0.017598
0.016979
0.015634
0.013465
0.013151
0.014726
0.015455
0.017408
0.017593
0.018889
0.015235
0.017687
0.015152
0.018246
0.018177
0.019411
0.01933
0.018358
0.017659
0.016231
0.016767
0.015213
0.014897
0.01561
0.014163
0.016079
0.015996
0.017876
0.017016
0.005049
0.0060315
0.0049256
0.0051511
0.0053422
0.0053238
0.0054636
0.0068338
0.0053133
0.0075999
0.0067048
0.0052657
0.012158
0.0010238
0.0054725
0.0066934
0.0064582
0.0055936
0.0064131
0.0064555
0.0060653
0.0070568
0.0063557
0.011977
0.0062153
0.0087315
0.0086592
0.0085166
0.0038246
0.012509
0.0038115
0.00050055
0.0049225
0.012947
0.0043334
0.005369
0.0054493
0.0049517
0.0069756
0.0074882
0.0066893
0.0066397
0.0066636
0.0061474
0.011457
0.009732
0.013798
0.010473
0.0097535
0.012735
0.016675
0.014961
0.011678
0.014087
0.00778
0.016632
0.0091698
0.0068977
0.0073303
0.0076651
0.0091089
0.0074858
0.0071141
0.0077978
0.0078642
0.0078486
0.0092562
0.0055845
0.0079871
0.0075711
0.0095045
0.0082386
0.0079485
0.0061852
0.0056707
0.0069487
0.0060899
0.0063748
0.011755
0.0086838
0.0147
0.016645
0.011317
0.0093247
0.011419
0.0080994
0.012226
0.012494
0.011015
0.01195
0.0078221
0.008695
0.011152
0.0098217
0.0097299
0.011937
0.0090951
0.011346
0.012165
0.014923
0.014985
0.013018
0.014445
0.012619
0.00078303
0.011915
0.0088802
0.0093263
0.015055
0.012702
0.0091656
0.0074004
0.0097002
0.011235
0.012019
0.008612
0.011493
0.014295
0.014489
0.015175
0.017546
0.021422
0.015642
0.021905
0.019171
0.020282
0.018013
0.017093
0.0099257
0.014125
0.014022
0.015548
0.018284
0.0073629
0.0067364
0.0083047
0.0068531
0.0088533
0.0080711
0.013163
0.0049186
0.008849
0.010079
0.0099471
0.01012
0.011727
0.0084856
0.010327
0.011695
0.010312
0.010525
0.011967
0.0095138
0.011996
0.0089771
0.01033
0.0098427
0.0093892
0.0096188
0.0091334
0.010156
0.010675
0.0096612
0.011036
0.011193
0.01297
0.015513
0.016077
0.016367
0.016464
0.019282
0.011161
0.014749
0.012066
0.018886
0.017792
0.018991
0.0197
0.010286
0.017777
0.019499
0.020681
0.02088
0.019798
0.020526
0.011404
0.012046
0.013378
0.013244
0.013575
0.013006
0.013903
0.013799
0.013501
0.019389
0.026479
0.023391
0.030177
0.0274
0.027403
0.01452
0.018319
0.010729
0.0097362
0.012209
0.011437
0.011408
0.012059
0.012845
0.013082
0.014549
0.015047
0.019212
0.017597
0.018448
0.019379
0.018961
0.020555
0.016026
0.013871
0.010593
0.01142
0.01319
0.011271
0.011268
0.0090237
0.0099215
0.010625
0.013802
0.014998
0.014358
0.01607
0.012051
0.015638
0.027423
0.026931
0.020687
0.02678
0.026325
0.015846
0.016514
0.015692
0.015842
0.015304
0.012857
0.010916
0.011284
0.010051
0.012154
0.011212
0.011333
0.013794
0.011903
0.012871
0.012414
0.015387
0.016483
0.016044
0.013232
0.014501
0.014523
0.017409
0.019534
0.017985
0.019444
0.020106
0.018922
0.018695
0.019787
0.018336
0.017525
0.0193
0.019576
0.019049
0.016638
0.012168
0.017066
0.015987
0.014526
0.019727
0.015181
0.0094996
0.015585
0.016364
0.014752
0.013277
0.017043
0.0086802
0.012342
0.016625
0.0059235
0.025258
0.016846
0.018023
0.019702
0.016316
0.022702
0.014893
0.015977
0.015933
0.015238
0.014786
0.01874
0.017862
0.014847
0.016318
0.013914
0.019921
0.015772
0.023949
0.017921
0.013423
0.02211
0.019697
0.017618
0.015999
0.014554
0.017119
0.015846
0.017069
0.011594
0.013418
0.015058
0.010474
0.016002
0.014997
0.015159
0.014052
0.012686
0.010531
0.0039041
0.012997
0.012958
0.011056
0.012509
0.0050457
0.010556
0.012348
0.0093728
0.0088639
0.021966
0.015758
0.0073977
0.0069311
0.0063309
0.0092798
0.0073031
0.0093819
0.010259
0.0099738
0.011988
0.0099704
0.012837
0.0075133
0.012328
0.0052925
0.010917
0.01421
0.011197
0.0068244
0.0099716
0.016939
0.010664
0.010754
0.012763
0.011174
0.011623
0.012737
0.011939
0.01401
0.013672
0.011769
0.005233
0.0063005
0.0081537
0.006321
0.0061791
0.0094623
0.0049228
0.0059541
0.0065395
0.0078892
0.0063141
0.006236
0.0071779
0.0072396
0.007177
0.0040715
0.0043038
0.014475
0.0078517
0.015003
0.0062939
0.0087399
0.008079
0.0046577
0.0060416
0.0083593
0.0083613
0.0075364
0.0089667
0.0099402
0.0091346
0.0082177
0.0085403
0.0081613
0.0063655
0.0067248
0.0053143
0.0059293
0.0071029
0.005593
0.006264
0.0063121
0.0052182
0.0062678
0.0079215
0.005816
0.0071547
0.0040731
0.0064333
0.0075943
0.0065108
0.0073892
0.0069406
0.0026892
0.0077609
0.0075347
0.0084776
0.0084534
0.010995
0.01258
0.0094612
0.0076506
0.011438
0.0066123
0.0092675
0.0082919
0.0099873
0.008558
0.00728
0.010725
0.0094638
0.014107
0.012963
0.014921
0.015152
0.014136
0.0091712
0.0093288
0.0064136
0.0065339
0.0072751
0.0091694
0.0061074
0.012523
0.013491
0.014116
0.014419
0.0096958
0.016349
0.015366
0.019934
0.0089156
0.0096837
0.0062656
0.0075956
0.0068873
0.0052107
0.0056645
0.0051116
0.0068595
0.0072085
0.0072242
0.0064858
0.0076754
0.0072828
0.010223
0.0070635
0.0068337
0.0074259
0.01137
0.0051162
0.0092263
0.0080949
0.0064908
0.0085273
0.0084447
0.0082863
0.013487
0.0071725
0.0083863
0.0068151
0.01225
0.010581
0.0026498
0.010258
0.0066232
0.0010943
0.0062938
0.00579
0.0062714
0.0069844
0.00642
0.0087269
0.0086118
0.0083358
0.0080043
0.008531
0.0078475
0.0082834
0.011417
0.0087117
0.0098231
0.0091283
0.010448
0.010422
0.010099
0.0076343
0.0066104
0.0095269
0.009008
0.010574
0.008571
0.011661
0.01187
0.0091321
0.011602
0.010089
0.0085513
0.0087354
0.011788
0.0079972
0.0086601
0.010161
0.015439
0.022347
0.021844
0.014239
0.00037979
0.018376
0.019777
0.017517
0.018977
0.02058
0.018073
0.021637
0.020035
0.018646
0.013508
0.0079062
0.0074984
0.0088591
0.007943
0.006425
0.0090565
0.010085
0.0070715
0.0089342
0.0095877
0.011708
0.0088448
0.012203
0.0076091
0.012413
0.0088752
0.0087186
0.0087743
0.010988
0.013051
0.014925
0.013012
0.013515
0.007651
0.0095115
0.011722
0.010104
0.01056
0.0098973
0.01128
0.010474
0.0098915
0.012682
0.011998
0.013025
0.011865
0.01182
0.008045
0.0076577
0.013223
0.012848
0.009739
0.01408
0.011275
0.0092774
0.0090623
0.010578
0.0095234
0.0083601
0.0099506
0.011818
0.0078245
0.0099131
0.010806
0.013075
0.012503
0.012331
0.012534
0.010867
0.012117
0.013655
0.012599
0.011458
0.013046
0.013151
0.012829
0.013164
0.015001
0.018834
0.015945
0.02455
0.023625
0.025368
0.01991
0.014763
0.013523
0.011492
0.0095648
0.009247
0.011253
0.01154
0.02069
0.018645
0.018443
0.023741
0.021699
0.022216
0.021222
0.020434
0.018043
0.020041
0.019783
0.013245
0.019343
0.013761
0.015005
0.010217
0.012073
0.013433
0.013582
0.010863
0.010199
0.013704
0.013071
0.012574
0.014936
0.012834
0.01556
0.017325
0.024197
0.024478
0.022439
0.023738
0.023759
0.027048
0.022508
0.022243
0.025361
0.024073
0.023735
0.012945
0.01233
0.021045
0.012419
0.014892
0.019237
0.010684
0.015267
0.012856
0.010229
0.010517
0.011974
0.0097018
0.011021
0.011789
0.012708
0.010083
0.011186
0.010903
0.012278
0.010585
0.011365
0.012282
0.011523
0.016433
0.018188
0.016391
0.019099
0.011464
0.013409
0.013872
0.01248
0.012646
0.013529
0.013869
0.013847
0.015029
0.018612
0.016997
0.018059
0.018566
0.019499
0.016087
0.019105
0.018822
0.018257
0.018924
0.016517
0.017082
0.01891
0.017627
0.016921
0.01884
0.019211
0.02238
0.026171
0.026371
0.017812
0.0207
0.026731
0.022483
0.02299
0.019787
0.025513
0.023326
0.02343
0.019235
0.022455
0.0032604
0.023936
0.023748
0.025658
0.023149
0.020911
0.015266
0.017449
0.010211
0.0087457
0.018493
0.01987
0.019858
0.022603
0.021781
0.021834
0.023593
0.022002
0.024744
0.02019
0.018601
0.016788
0.014967
0.015411
0.016516
0.016254
0.0076032
0.007809
0.0049936
0.0092714
0.010242
0.0067072
0.0089184
0.0074807
0.0078917
0.01217
0.0069281
0.010352
0.0073386
0.01021
0.0066519
0.011167
0.0058516
0.0080855
0.011493
0.014611
0.013342
0.0082563
0.0091042
0.0075404
0.0069539
0.0080389
0.0076991
0.0090108
0.0059674
0.0093517
0.0061389
0.0089346
0.011176
0.0086494
0.0075833
0.0066887
0.0054391
0.0039821
0.0059388
0.0056386
0.0053831
0.0073769
0.0059223
0.0073308
0.0061459
0.0048661
0.0044637
0.0055418
0.00645
0.0050632
0.0058429
0.0061185
0.0067041
0.0058805
0.0065986
0.0067306
0.0072991
0.0069972
0.0068613
0.0087549
0.0092946
0.011975
0.013273
0.015701
0.012749
0.01054
0.0081199
0.013968
0.010349
0.011227
0.0089914
0.013815
0.017193
0.015948
0.013355
0.0084597
0.0077613
0.0092462
0.0076484
0.009785
0.0095719
0.010088
0.010452
0.013975
0.011543
0.0071559
0.012672
0.013565
0.0091119
0.0071295
0.0095212
0.010794
0.0090214
0.009849
0.0082705
0.0060746
0.0063104
0.0067882
0.0069795
0.0083083
0.0076641
0.0080284
0.0072706
0.01023
0.0099245
0.0091697
0.013458
0.0079919
0.011782
0.0068304
0.0083239
0.0071686
0.012995
0.0074434
0.012834
0.015912
0.015665
0.0078109
0.0085169
0.014564
0.0089776
0.015984
0.008789
0.011179
0.010509
0.0095391
0.0094966
0.0072295
0.011404
0.0076133
0.0081598
0.0070848
0.010587
0.0091252
0.0098108
0.0071267
0.0081961
0.007065
0.0070706
0.013653
0.0072313
0.016784
0.013686
0.01476
0.014264
0.0081671
0.011495
0.0066269
0.015839
0.01482
0.021248
0.016206
0.013725
0.011026
0.011341
0.0051838
0.013244
0.01278
0.011363
0.011965
0.010148
0.011859
0.012293
0.015363
0.018619
0.016355
0.0070464
0.0080562
0.006597
0.0086173
0.0059518
0.0078939
0.0066595
0.014703
0.019656
0.013809
0.017633
0.0074351
0.0071763
0.0081379
0.0083785
0.0077053
0.0088823
0.0101
0.0071741
0.005741
0.0050669
0.0068733
0.003864
0.0058255
0.0061921
0.0058924
0.0068554
0.0072829
0.0066032
0.011024
0.010611
0.013088
0.012959
0.011531
0.011196
0.0072844
0.011124
0.010533
0.010682
0.010446
0.011479
0.0096434
0.0098183
0.0094292
0.012481
0.0088935
0.0090146
0.010084
0.010434
0.0091314
0.010619
0.010206
0.0099007
0.0073801
0.011623
0.0090986
0.01201
0.012133
0.010906
0.010127
0.010489
0.012034
0.0099445
0.010355
0.010171
0.010266
0.012358
0.018489
0.01756
0.023166
0.015996
0.019583
0.024348
0.011898
0.012019
0.011921
0.01072
0.015929
0.014887
0.01434
0.010004
0.014614
0.010741
0.019797
0.01586
0.011707
0.019896
0.01244
0.019206
0.021638
0.011903
0.016585
0.012673
0.022537
0.0093914
0.011189
0.012039
0.014014
0.0080187
0.013271
0.0086004
0.016079
0.015843
0.019976
0.019785
0.011524
0.012136
0.0087816
0.0096831
0.010168
0.010251
0.010832
0.011096
0.0094844
0.012996
0.0095812
0.0098307
0.01043
0.010462
0.0088791
0.012995
0.010204
0.0091722
0.0092558
0.010167
0.010279
0.010782
0.01108
0.012079
0.010936
0.010823
0.012088
0.010343
0.011807
0.010673
0.011194
0.008034
0.024325
0.020288
0.024241
0.024541
0.022918
0.022529
0.023246
0.019885
0.010759
0.010132
0.010571
0.010718
0.011052
0.0084637
0.012299
0.0097238
0.010891
0.011156
0.010734
0.017678
0.01925
0.018717
0.01186
0.012479
0.013232
0.011465
0.0092333
0.01086
0.010084
0.011272
0.011161
0.010784
0.0095112
0.01168
0.010643
0.010714
0.0099193
0.012443
0.010276
0.014787
0.010334
0.013527
0.013806
0.014404
0.0097818
0.011342
0.013172
0.010759
0.010709
0.0075964
0.0099171
0.0088066
0.010908
0.011796
0.01261
0.017534
0.013513
0.01276
0.024961
0.015922
0.020884
0.019423
0.023487
0.012789
0.011597
0.011237
0.012554
0.011585
0.0087081
0.0091243
0.011614
0.010355
0.01126
0.012102
0.011227
0.017038
0.018807
0.019359
0.018227
0.018874
0.019991
0.01962
0.018832
0.017345
0.012259
0.012392
0.011792
0.012851
0.012808
0.012688
0.012575
0.015763
0.012817
0.012794
0.0095676
0.017432
0.019693
0.017763
0.017248
0.018227
0.020642
0.016314
0.017743
0.035515
0.03457
0.031873
0.030717
0.035079
0.031554
0.023008
0.024611
0.02311
0.029286
0.031244
0.025543
0.024768
0.022581
0.023189
0.019855
0.031074
0.026911
0.022124
0.022482
0.022644
0.021052
0.01875
0.019538
0.020612
0.018789
0.017525
0.020537
0.018058
0.017561
0.01867
0.017635
0.0181
0.018121
0.015464
0.014348
0.013325
0.012707
0.01522
0.015822
0.014985
0.014498
0.014854
0.013989
0.015106
0.011341
0.01215
0.015141
0.013179
0.012422
0.014822
0.01077
0.0068547
0.013415
0.013162
0.011739
0.0088455
0.011524
0.011925
0.010457
0.0064731
0.011593
0.009354
0.012373
0.0078672
0.010925
0.010827
0.0085196
0.01159
0.0086318
0.0085228
0.012091
0.0091193
0.0097987
0.010073
0.013253
0.0099873
0.0061107
0.010437
0.0080072
0.024806
0.024055
0.023435
0.011178
0.0082665
0.011356
0.0085577
0.0085593
0.0080171
0.016075
0.0030172
0.018727
0.020691
0.0037241
0.019986
0.011094
0.010184
0.010663
0.011646
0.010051
0.0080864
0.01012
0.0084173
0.0098312
0.0090692
0.010293
0.0078544
0.0087872
0.0073894
0.010587
0.0087695
0.0078722
0.004959
0.0070212
0.0081817
0.010671
0.011794
0.011769
0.011551
0.0083858
0.0093066
0.0081918
0.0102
0.0084147
0.010729
0.0087463
0.0096731
0.012276
0.0085622
0.0096637
0.006681
0.01055
0.0098588
0.011327
0.011821
0.0089304
0.011795
0.012769
0.014691
0.015505
0.012546
0.012292
0.013099
0.012239
0.0083065
0.0077641
0.016095
0.0085738
0.017896
0.010477
0.0095121
0.011621
0.011022
0.0095598
0.01581
0.012019
0.012081
0.009789
0.017297
0.012129
0.01038
0.0057605
0.0067249
0.0059718
0.0053873
0.0049379
0.0054643
0.0069133
0.0065966
0.0051206
0.0043049
0.0065116
0.0049959
0.007394
0.0054364
0.0051479
0.0054096
0.0070666
0.0048585
0.0073401
0.0057384
0.0086053
0.0097581
0.0062267
0.010009
0.013191
0.012031
0.010493
0.010306
0.010264
0.0099405
0.013358
0.012359
0.0093087
0.0078935
0.0070941
0.0072051
0.010859
0.0082125
0.0091548
0.0089851
0.011147
0.0092867
0.0069822
0.0071809
0.0096103
0.011744
0.0098173
0.011844
0.0056105
0.0056231
0.011892
0.007051
0.0092908
0.013934
0.0097417
0.015406
0.017495
0.017732
0.019504
0.012957
0.013332
0.012217
0.0089847
0.0072541
0.01093
0.0093598
0.0088912
0.007069
0.011352
0.012022
0.010082
0.015139
0.012493
0.012941
0.014537
0.0131
0.011351
0.016594
0.011712
0.010887
0.016107
0.016051
0.012912
0.018326
0.014233
0.011636
0.016
0.0084762
0.010368
0.017612
0.012183
0.010951
0.0099722
0.016986
0.0084388
0.0090993
0.010711
0.0098566
0.015295
0.0088708
0.0089233
0.0097155
0.0086801
0.0073941
0.0081337
0.011843
0.0094943
0.009962
0.011305
0.0094862
0.023536
0.021348
0.012676
0.011944
0.012526
0.011858
0.01166
0.011588
0.01156
0.013388
0.0068119
0.012666
0.01073
0.010813
0.013854
0.014097
0.010932
0.0092003
0.0074187
0.0094234
0.013386
0.01282
0.010806
0.010822
0.011657
0.012634
0.015838
0.012146
0.015114
0.014683
0.010555
0.011369
0.014018
0.012358
0.012493
0.011777
0.012264
0.014144
0.012752
0.012725
0.014576
0.012128
0.013294
0.008548
0.0080994
0.018906
0.012587
0.016328
0.014521
0.016464
0.011731
0.016374
0.015998
0.0082161
0.02043
0.0086938
0.01527
0.0086787
0.017409
0.01424
0.01609
0.0099483
0.01211
0.0211
0.012108
0.01732
0.01294
0.019085
0.018929
0.0067752
0.005869
0.0060606
0.015633
0.0078007
0.0079137
0.0074314
0.0087138
0.010639
0.0069832
0.0075542
0.0098835
0.0088327
0.017507
0.025479
0.026802
0.025249
0.02729
0.013392
0.011507
0.01125
0.011901
0.010346
0.010258
0.01039
0.012474
0.013328
0.012802
0.011767
0.017819
0.01773
0.0087786
0.015378
0.016858
0.011299
0.013112
0.0098232
0.01228
0.011346
0.011427
0.01112
0.010035
0.013316
0.012522
0.013444
0.014568
0.0077357
0.0083908
0.007894
0.007909
0.0067098
0.0080535
0.024675
0.023044
0.022905
0.02395
0.020201
0.016156
0.016722
0.012536
0.020585
0.022717
0.020764
0.015387
0.0085376
0.0097834
0.010407
0.0090267
0.0090852
0.011031
0.010626
0.010991
0.010012
0.010443
0.010767
0.010307
0.011157
0.012945
0.0099632
0.01341
0.012197
0.011603
0.012609
0.010316
0.013296
0.010599
0.009501
0.008905
0.011169
0.011729
0.012171
0.011726
0.010382
0.010494
0.0093474
0.0095355
0.0095066
0.010955
0.01115
0.011692
0.016065
0.01038
0.0097843
0.010952
0.0085303
0.010348
0.013912
0.010242
0.016944
0.012726
0.016905
0.014915
0.016182
0.015646
0.015424
0.016396
0.016798
0.017874
0.012427
0.014199
0.016688
0.036992
0.032139
0.03155
0.036682
0.034374
0.038672
0.036355
0.033338
0.029598
0.03042
0.035228
0.035871
0.029672
0.031974
0.038684
0.031739
0.032987
0.030054
0.026673
0.024543
0.02165
0.025766
0.024872
0.027609
0.021821
0.019225
0.021374
0.018041
0.02271
0.015248
0.016622
0.014828
0.014666
0.015337
0.014157
0.011702
0.011289
0.010276
0.0090197
0.0085493
0.0085876
0.0078539
0.0072569
0.0072935
0.010224
0.0072847
0.00761
0.0062697
0.0092976
0.0075309
0.0073455
0.029858
0.025804
0.027866
0.022641
0.019291
0.025043
0.021275
0.028727
0.012634
0.0081908
0.0070374
0.0069704
0.0075225
0.0088848
0.012611
0.010306
0.011149
0.0089488
0.0099707
0.010264
0.0091385
0.012716
0.0068349
0.007921
0.0080588
0.0080917
0.008395
0.026537
0.023774
0.025354
0.022455
0.026375
0.023228
0.017073
0.022482
0.02216
0.021121
0.019086
0.020698
0.019835
0.020818
0.018155
0.017297
0.019527
0.014559
0.017856
0.01938
0.017161
0.015293
0.015098
0.014438
0.015126
0.016264
0.017223
0.023157
0.029796
0.030297
0.027697
0.019859
0.026237
0.024109
0.028647
0.027118
0.023256
0.025311
0.023638
0.025727
0.025525
0.0201
0.023251
0.020668
0.021348
0.019646
0.023754
0.021403
0.020503
0.011339
0.010061
0.012797
0.010368
0.010469
0.0098689
0.010349
0.010329
0.0099468
0.010823
0.0080353
0.01133
0.0079217
0.010943
0.012345
0.0078549
0.0095254
0.012318
0.012998
0.013089
0.011632
0.011117
0.011597
0.012855
0.013575
0.0090827
0.0095587
0.014762
0.01087
0.0095574
0.0073429
0.0098608
0.010603
0.013009
0.012697
0.018864
0.016934
0.01041
0.01236
0.011819
0.021703
0.024264
0.0098119
0.0091255
0.012254
0.0097178
0.011932
0.0080039
0.0090685
0.0071131
0.010624
0.011504
0.013544
0.010871
0.0063807
0.0097254
0.010823
0.012007
0.0063335
0.011885
0.0057594
0.011472
0.0069149
0.0058708
0.014055
0.0094691
0.011374
0.012858
0.01166
0.011659
0.0091329
0.007397
0.0090851
0.010381
0.0081807
0.00859
0.0076708
0.0080873
0.0026568
0.013222
0.010036
0.014263
0.017564
0.0088414
0.0071574
0.0106
0.0081751
0.010762
0.012575
0.013096
0.011197
0.0065043
0.011478
0.015664
0.010535
0.010138
0.016802
0.013718
0.016545
0.010136
0.01542
0.014936
0.013721
0.013297
0.01166
0.0070386
0.0091208
0.014231
0.0052452
0.0091539
0.0083225
0.0052795
0.010514
0.0076353
0.013712
0.012777
0.0096329
0.011646
0.0086418
0.013384
0.010477
0.0097862
0.01522
0.0090849
0.014856
0.010199
0.0092517
0.011877
0.0077741
0.010865
0.010392
0.0088663
0.0087289
0.0054485
0.0084129
0.0079597
0.009268
0.0066716
0.0064797
0.0087942
0.0060261
0.0084815
0.0067205
0.0052012
0.0058082
0.0078724
0.0056473
0.0064535
0.0067149
0.011933
0.011544
0.014664
0.01195
0.012687
0.013378
0.010176
0.0084646
0.011812
0.012079
0.010937
0.012744
0.0089604
0.0090864
0.013031
0.010409
0.0098128
0.012979
0.0093809
0.010083
0.010982
0.011193
0.011057
0.013764
0.009909
0.0080995
0.0077552
0.0077121
0.0058011
0.0058115
0.0054891
0.0076481
0.0062094
0.0067396
0.0060345
0.0071047
0.005634
0.0037346
0.0049086
0.0052698
0.0056308
0.0072809
0.022531
0.01928
0.023333
0.019143
0.02413
0.023349
0.011825
0.013065
0.01449
0.013934
0.0098377
0.010845
0.010698
0.013141
0.010941
0.012847
0.011656
0.011643
0.011949
0.013686
0.012345
0.010041
0.013517
0.014041
0.0059949
0.0069512
0.0061627
0.0046587
0.0062037
0.0061715
0.005457
0.0051257
0.0056697
0.0064091
0.026229
0.024074
0.028348
0.026118
0.023699
0.02364
0.021923
0.022188
0.020911
0.010931
0.020614
0.016009
0.021964
0.0119
0.010387
0.011292
0.0090838
0.011159
0.0084378
0.0074068
0.007777
0.0067069
0.0088298
0.0069452
0.0078829
0.0073655
0.010335
0.0084719
0.0037073
0.0080084
0.0081084
0.006085
0.0079468
0.0078232
0.0095997
0.0152
0.0088777
0.0087571
0.0089917
0.0087976
0.0079202
0.0088017
0.0088147
0.01096
0.010748
0.012008
0.0081589
0.013127
0.010066
0.01438
0.014849
0.012537
0.012003
0.011986
0.013344
0.015292
0.011957
0.011082
0.017468
0.011485
0.016713
0.016139
0.016641
0.018253
0.017857
0.01585
0.014717
0.017102
0.018221
0.027771
0.03644
0.027764
0.025765
0.023079
0.023195
0.025398
0.02617
0.023104
0.02705
0.031231
0.026628
0.019625
0.02582
0.020448
0.025914
0.026058
0.024999
0.020787
0.019989
0.021609
0.022564
0.022456
0.012425
0.01507
0.012036
0.01357
0.011933
0.010919
0.0086174
0.011871
0.011428
0.011126
0.010176
0.010878
0.011062
0.0088551
0.0068885
0.0055906
0.0090827
0.0055901
0.0060155
0.0078369
0.0086591
0.0088569
0.018412
0.019974
0.028244
0.016089
0.01647
0.022326
0.017968
0.037316
0.030473
0.038266
0.042312
0.038704
0.021937
0.032249
0.04212
0.028685
0.037912
0.034023
0.027052
0.027483
0.033632
0.033164
0.04446
0.04111
0.038955
0.043378
0.042643
0.041449
0.039308
0.030346
0.034722
0.038928
0.037589
0.032854
0.033295
0.009554
0.009893
0.0095365
0.012126
0.0097109
0.0091376
0.0093215
0.0071221
0.0093015
0.0076458
0.0079968
0.0084882
0.0085937
0.0096058
0.017727
0.017098
0.020551
0.021004
0.016487
0.012635
0.01603
0.019671
0.016324
0.011538
0.017621
0.016424
0.016486
0.015969
0.029353
0.030409
0.033684
0.029734
0.03422
0.033203
0.032774
0.027956
0.031737
0.031819
0.033538
0.028648
0.027237
0.024833
0.025927
0.031532
0.027133
0.029392
0.024748
0.026165
0.02474
0.03177
0.022535
0.0098019
0.0080851
0.010914
0.012081
0.0079538
0.0082875
0.0089147
0.012241
0.010979
0.0078262
0.0079282
0.0097928
0.008956
0.014295
0.013339
0.017471
0.015053
0.014243
0.016785
0.016848
0.017525
0.017097
0.019222
0.015261
0.018317
0.013902
0.025853
0.013943
0.029159
0.022493
0.031874
0.013079
0.024328
0.024003
0.021203
0.027642
0.032262
0.0117
0.010259
0.013332
0.010228
0.0086896
0.0090148
0.0067147
0.0065928
0.0073748
0.012078
0.013684
0.015286
0.010581
0.0081285
0.0102
0.012671
0.0083628
0.016666
0.0083806
0.0093901
0.017595
0.02983
0.010772
0.01261
0.0098654
0.0096192
0.01142
0.0085898
0.0085285
0.0071467
0.0090339
0.011841
0.013481
0.010453
0.0072262
0.0057265
0.0061202
0.0071698
0.0068461
0.0082605
0.02249
0.0075733
0.0081671
0.0068791
0.0096146
0.0066551
0.0085395
0.010041
0.0095441
0.0096009
0.012051
0.015746
0.011596
0.0067752
0.015123
0.006936
0.011973
0.009325
0.008501
0.0058742
0.0071863
0.0053587
0.0056078
0.0066345
0.0078371
0.0071611
0.0069011
0.0094619
0.0069682
0.0052229
0.007257
0.017528
0.019792
0.019396
0.021701
0.022492
0.022886
0.0087771
0.010331
0.010265
0.010495
0.014573
0.011042
0.010054
0.011536
0.011039
0.0058633
0.0079521
0.0069274
0.0093385
0.0099345
0.0081404
0.009479
0.0071455
0.0082243
0.0080164
0.0078874
0.0097355
0.011441
0.02419
0.0098658
0.016022
0.022707
0.020427
0.018879
0.021211
0.012721
0.016332
0.012396
0.01874
0.0082604
0.0080172
0.0098013
0.011134
0.0098761
0.0084832
0.0083401
0.012687
0.0092195
0.012435
0.018699
0.0088371
0.010748
0.0097725
0.010878
0.011848
0.013589
0.01102
0.010234
0.012934
0.013316
0.017408
0.0099611
0.013688
0.013733
0.011413
0.014766
0.017819
0.015656
0.013737
0.017092
0.015652
0.017192
0.014646
0.016616
0.016335
0.016047
0.020281
0.019799
0.01656
0.016086
0.017343
0.01536
0.017313
0.016942
0.016493
0.01579
0.016292
0.014936
0.014803
0.0074683
0.018285
0.015683
0.011175
0.014657
0.011102
0.015703
0.013124
0.0099088
0.0098781
0.0076791
0.012034
0.0057618
0.01163
0.009751
0.0091351
0.00798
0.0097954
0.0056271
0.011146
0.0052539
0.0050574
0.0080457
0.011245
0.0048333
0.0082272
0.0074891
0.0070772
0.0072652
0.0079956
0.0076572
0.008019
0.028848
0.026346
0.03798
0.027437
0.032248
0.028108
0.030083
0.027721
0.030422
0.024254
0.0066173
0.009522
0.0083415
0.0080378
0.0078398
0.007356
0.011723
0.0089936
0.0099626
0.0050448
0.0052563
0.0085173
0.0091333
0.0077046
0.0098684
0.0093183
0.010293
0.0099787
0.0072067
0.0094556
0.0085672
0.010185
0.023568
0.021222
0.031917
0.0267
0.030281
0.026053
0.027751
0.030134
0.029539
0.028269
0.03128
0.033396
0.02495
0.030982
0.0070631
0.0057255
0.0054729
0.0079585
0.0066616
0.0093227
0.0067223
0.0069178
0.0093089
0.0093459
0.0093242
0.0091291
0.0080233
0.0091592
0.0090627
0.007149
0.0080417
0.0082705
0.008434
0.0067058
0.020459
0.023588
0.022239
0.036357
0.031838
0.033564
0.032451
0.035923
0.034493
0.028395
0.032646
0.026465
0.0085233
0.0069218
0.0069031
0.0072213
0.0089638
0.0078757
0.0069524
0.0085356
0.017308
0.015921
0.026539
0.0232
0.011793
0.031359
0.014926
0.027719
0.030967
0.029819
0.026985
0.025142
0.025841
0.021354
0.029289
0.029804
0.030767
0.027302
0.00871
0.0085162
0.0087911
0.00661
0.0086571
0.0091215
0.0087923
0.0090234
0.011869
0.030938
0.026742
0.029654
0.024653
0.032627
0.023357
0.012343
0.022683
0.024014
0.027812
0.01799
0.010261
0.030316
0.02893
0.017221
0.025679
0.02255
0.013683
0.025249
0.006654
0.0071957
0.0098618
0.010892
0.013116
0.0072097
0.0093219
0.022113
0.018967
0.0089996
0.0092931
0.0097937
0.0090099
0.0087118
0.011949
0.017263
0.010252
0.017868
0.011579
0.0069144
0.0085829
0.0091767
0.014769
0.024083
0.011276
0.0093094
0.019135
0.025515
0.02003
0.019526
0.021224
0.021223
0.024469
0.024562
0.025332
0.02546
0.02583
0.0087512
0.0085227
0.0099371
0.0069545
0.010262
0.014413
0.022554
0.012218
0.023502
0.018502
0.019443
0.024132
0.018277
0.024973
0.01878
0.024344
0.012133
0.012163
0.0081582
0.012782
0.012894
0.012819
0.013876
0.010218
0.011163
0.015883
0.01213
0.01421
0.012604
0.0089718
0.010717
0.016093
0.019023
0.019792
0.016302
0.019959
0.014156
0.013958
0.01684
0.015727
0.018557
0.013101
0.014153
0.015891
0.014492
0.01074
0.011757
0.014567
0.011998
0.01422
0.018565
0.012306
0.019549
0.015636
0.016852
0.021894
0.019974
0.01566
0.017762
0.018261
0.017957
0.017089
0.017758
0.016322
0.011455
0.02114
0.020556
0.020838
0.017753
0.015791
0.018926
0.019155
0.019158
0.016039
0.01832
0.013773
0.019885
0.016911
0.024376
0.019576
0.021336
0.029611
0.030269
0.027856
0.024997
0.021098
0.026399
0.024722
0.029479
0.024128
0.020921
0.017738
0.020731
0.025639
0.018369
0.027527
0.025747
0.02366
0.021306
0.022763
0.024665
0.023039
0.022377
0.022331
0.018194
0.01812
0.018748
0.017849
0.013804
0.014877
0.018036
0.016429
0.023807
0.017842
0.020186
0.016678
0.014143
0.024782
0.025611
0.01766
0.025707
0.023637
0.019986
0.02093
0.02225
0.014412
0.021765
0.01564
0.015498
0.023532
0.016519
0.018242
0.015466
0.015439
0.017184
0.013522
0.013959
0.014329
0.013837
0.014017
0.020538
0.012857
0.013248
0.01881
0.01153
0.013051
0.016534
0.013556
0.010308
0.012105
0.007577
0.0094635
0.017327
0.012056
0.0089659
0.007687
0.012763
0.012414
0.009653
0.0056866
0.010235
0.011381
0.0067238
0.013172
0.011899
0.006094
0.012485
0.0090662
0.0090494
0.012886
0.0094856
0.010219
0.012113
0.0093967
0.010075
0.012895
0.010718
0.012143
0.0083713
0.010663
0.0074217
0.011716
0.010338
0.011366
0.0086092
0.0098537
0.0064071
0.0067905
0.0064247
0.0063368
0.0051204
0.010347
0.008081
0.0077842
0.0079719
0.0068853
0.0081276
0.0082218
0.0069837
0.0077542
0.0096595
0.0059219
0.0052549
0.01189
0.0068521
0.0076257
0.0056586
0.0079351
0.0077814
0.0066777
0.0079456
0.0051877
0.0063636
0.0062407
0.0085111
0.0068293
0.005685
0.0077232
0.0066725
0.00682
0.0069437
0.0063393
0.0088056
0.008356
0.0067811
0.0087754
0.010489
0.0080815
0.0089794
0.0082396
0.011755
0.032166
0.033942
0.021221
0.016095
0.025198
0.018626
0.025251
0.025114
0.016887
0.022024
0.024015
0.0078141
0.0083264
0.0064654
0.009637
0.0098985
0.010547
0.01232
0.013797
0.022717
0.019078
0.020047
0.031779
0.030549
0.033518
0.028891
0.031588
0.029893
0.029991
0.029044
0.028499
0.024877
0.02433
0.031632
0.027951
0.027585
0.024869
0.026412
0.024682
0.023824
0.024061
0.022052
0.02522
0.016739
0.016372
0.016115
0.021421
0.010574
0.020902
0.023351
0.018233
0.018735
0.01796
0.020305
0.020012
0.019084
0.019905
0.015879
0.017943
0.021014
0.016439
0.01777
0.024555
0.023092
0.027428
0.021266
0.021694
0.021361
0.019194
0.018684
0.018133
0.018521
0.028691
0.028185
0.024787
0.024242
0.031017
0.028891
0.021662
0.022663
0.028694
0.029079
0.026447
0.029572
0.027036
0.030304
0.027332
0.027849
0.025099
0.024902
0.026451
0.025345
0.025168
0.024241
0.02415
0.024997
0.025203
0.025383
0.025578
0.024437
0.027168
0.033201
0.024852
0.021714
0.024677
0.019835
0.020906
0.017716
0.01386
0.018136
0.022125
0.023571
0.014368
0.01877
0.027619
0.025236
0.026234
0.025106
0.022679
0.029676
0.024086
0.020755
0.032953
0.030357
0.029687
0.032988
0.019952
0.01999
0.028298
0.013294
0.027428
0.01561
0.018445
0.014169
0.021256
0.024277
0.027538
0.015321
0.01178
0.026899
0.016624
0.018222
0.031808
0.02136
0.030541
0.031241
0.028804
0.014026
0.030742
0.032724
0.031336
0.024037
0.015178
0.020183
0.033606
0.027048
0.035209
0.031473
0.024949
0.025217
0.013323
0.035948
0.017195
0.019228
0.030021
0.01553
0.021005
0.024345
0.016496
0.0062919
0.0075854
0.024688
0.027307
0.0082622
0.012112
0.0067878
0.0068271
0.011937
0.014962
0.015606
0.0086888
0.0099588
0.014475
0.012172
0.018244
0.0076448
0.014979
0.01141
0.0098411
0.013867
0.013743
0.0073137
0.0077221
0.018171
0.015115
0.0070221
0.016828
0.012217
0.01074
0.0099892
0.015883
0.0060781
0.0098698
0.013907
0.011946
0.01234
0.0078523
0.010944
0.015824
0.009623
0.010478
0.0094485
0.0086017
0.01463
0.0088444
0.010292
0.0074621
0.012733
0.011318
0.0096766
0.0077665
0.010525
0.024503
0.027407
0.027555
0.0246
0.0084181
0.016122
0.015012
0.011643
0.010518
0.022828
0.012514
0.0092856
0.021041
0.016248
0.013186
0.01508
0.013515
0.012206
0.015378
0.010227
0.011243
0.027572
0.018299
0.022347
0.026864
0.026
0.024693
0.026478
0.024183
0.023773
0.023493
0.022389
0.013821
0.021684
0.026338
0.027003
0.022408
0.021776
0.01399
0.017976
0.0349
0.03864
0.031742
0.034686
0.031788
0.036049
0.032808
0.03308
0.03125
0.031441
0.033581
0.035859
0.022045
0.033736
0.035096
0.031809
0.039285
0.027156
0.034459
0.03665
0.023427
0.038794
0.037049
0.029104
0.034028
0.038605
0.020788
0.023096
0.034025
0.032514
0.018718
0.02901
0.015659
0.037332
0.03722
0.035508
0.020226
0.034656
0.02035
0.027652
0.037402
0.016533
0.035089
0.016494
0.030465
0.036868
0.023558
0.030438
0.036571
0.033403
0.035732
0.019495
0.019246
0.036595
0.03183
0.027228
0.031529
0.026331
0.025826
0.035577
0.017711
0.035712
0.033221
0.032052
0.025956
0.017327
0.027593
0.020332
0.03537
0.02286
0.016605
0.031302
0.020705
0.032156
0.018563
0.026826
0.020412
0.032241
0.029965
0.027614
0.024256
0.026007
0.031033
0.018675
0.029114
0.032234
0.031191
0.028117
0.025671
0.030111
0.02889
0.030222
0.032634
0.024509
0.02414
0.027646
0.0095071
0.014008
0.012584
0.012469
0.012972
0.014143
0.015758
0.015069
0.014727
0.012831
0.016575
0.0069237
0.02651
0.013732
0.01114
0.0064554
0.012951
0.0086737
0.0095871
0.017022
0.013281
0.016343
0.0075542
0.0024394
0.002855
0.004181
0.003625
0.0007749
0.0025703
0.0013135
0.0039435
0.010941
0.0050862
0.003868
0.0090459
0.001035
0.0018348
0.0045168
0.0027385
0.0025407
0.0052797
0.0017712
0.0038028
0.011771
0.0088349
0.0039832
0.0094202
0.006732
0.0061267
0.0049198
0.0050221
0.0065214
0.002655
0.0045549
0.0018793
0.0028829
0.00096622
0.0044567
0.0022778
0.0045877
0.0077574
0.012858
0.0092834
0.0018124
0.0019635
0.0039524
0.0093456
0.0030256
0.0031754
0.0021452
0.0033885
0.0017452
0.0045594
0.0035222
0.0060955
0.0093398
0.010013
0.0029892
0.0018831
0.0023973
0.0036774
0.0029666
0.0025639
0.0025941
