0.011998
0.0101
0.0088445
0.0087614
0.014122
0.0094507
0.01144
0.012554
0.0080609
0.01099
0.0086687
0.010105
0.0087302
0.0098285
0.008678
0.0099277
0.0079379
0.011903
0.0073956
0.010571
0.0056511
0.008837
0.010148
0.0077714
0.010265
0.011016
0.0057098
0.0060914
0.0058289
0.0056371
0.0063017
0.0069679
0.0064761
0.0068211
0.0089241
0.0069174
0.0067145
0.0068062
0.0084561
0.0097735
0.0073588
0.01246
0.013181
0.012944
0.0097955
0.0053645
0.0041043
0.010671
0.01303
0.013875
0.010737
0.0091596
0.012367
0.010626
0.011772
0.0087705
0.011736
0.0095849
0.0076468
0.0075554
0.010664
0.0083562
0.0083234
0.014839
0.012055
0.013023
0.013279
0.011095
0.011596
0.013534
0.0077383
0.012943
0.0079277
0.0029573
0.012475
0.01275
0.010269
0.01221
0.010388
0.012281
0.0057506
0.0075491
0.011823
0.0055484
0.0068138
0.0098306
0.0058762
0.0060668
0.010727
0.012491
0.0061156
0.0070387
0.0051205
0.0087985
0.011517
0.005539
0.005132
0.0069391
0.0069478
0.010442
0.0095985
0.004931
0.004801
0.0052287
0.0056969
0.004767
0.0061634
0.0047019
0.0076091
0.0067977
0.0041017
0.0054172
0.0051108
0.0043622
0.0059979
0.004163
0.0081483
0.0056962
0.0102
0.007321
0.0069818
0.0060643
0.005929
0.0050412
0.0085494
0.0089776
0.0060503
0.0050327
0.014041
0.004259
0.0069556
0.011179
0.005178
0.011712
0.0041503
0.0064339
0.0073741
0.006102
0.011381
0.012764
0.0057999
0.0041994
0.011336
0.0082047
0.014361
0.006395
0.0060389
0.0066309
0.0076119
0.0089805
0.004729
0.0088022
0.0075225
0.018893
0.0057832
0.020851
0.0058787
0.017293
0.0051067
0.0086753
0.010108
0.013689
0.0048475
0.0065483
0.0065833
0.0089992
0.0074142
0.0078424
0.0053081
0.0080082
0.007889
0.0082137
0.011394
0.009039
0.010909
0.013973
0.011726
0.0085218
0.014375
0.011602
0.0061998
0
0.00086666
0.0082235
0.026718
0.0038373
0.0092208
0.0035325
0.0091153
0.01704
0.011894
0.0051534
0.013886
0.013956
0.010841
0.01069
0.011733
0.010606
0.011419
0.0094495
0.0093323
0.0086367
0.010422
0.0090906
0.0086376
0.0086478
0.011484
0.011193
0.01403
0.01354
0.011083
0.013595
0.013383
0.012602
0.012738
0.01246
0.014178
0.010642
0.013469
0.013483
0.0082079
0.0097724
0.011235
0.0099156
0.012372
0.0095256
0.0087962
0.0071856
0.0073604
0.0095576
0.0082358
0.009882
0.0099987
0.0064339
0.006363
0.010032
0.0092507
0.010103
0.0058607
0.010161
0.0062684
0.0088659
0.010989
0.008142
0.0084222
0.006251
0.0090034
0.0091522
0.011151
0.010399
0.0094764
0.0096168
0.011847
0.011391
0.0091626
0.0084787
0.0075513
0.0067931
0.0098148
0.0067338
0.011149
0.0089305
0.0090176
0.0072357
0.0067347
0.0071544
0.0098563
0.011589
0.0082223
0.0067322
0.0064954
0.0097246
0.0093759
0.0093299
0.0099506
0.0072567
0.0097207
0.0061946
0.0073675
0.0067728
0.008237
0.0078738
0.0095228
0.011922
0.010547
0.0068526
0.0066828
0.0067935
0.010082
0.0081868
0.0060524
0.0071517
0.0072685
0.01592
0.0079289
0.0065659
0.010158
0.0083074
0.008794
0.0089043
0.0087037
0.0077943
0.0094007
0.0068756
0.0068003
0.0058702
0.0077653
0.0065309
0.014102
0.011948
0.0076655
0.008915
0.010143
0.014002
0.008319
0.014945
0.013732
0.0054069
0.0072474
0.0055226
0.0072781
0.0047264
0.0076354
0.0075985
0.0063011
0.0077513
0.008365
0.0080433
0.0046613
0.0079974
0.0060302
0.0088385
0.0080738
0.0048444
0.007481
0.010135
0.0080849
0.011221
0.009818
0.0083376
0.0081782
0.0050673
0.0066835
0.008371
0.01117
0.010684
0.012003
0.0094472
0.009046
0.0075295
0.0061976
0.007179
0.01264
0.014416
0.0093861
0.024056
0.012746
0.021573
0.011541
0.012216
0.013072
0.012792
0.0093823
0.011084
0.0070778
0.0065199
0.012087
0.011008
0.013022
0.012604
0.013834
0.013295
0.013902
0.012895
0.011837
0.010388
0.011291
0.009935
0.011223
0.0078102
0.011456
0.012727
0.012111
0.01357
0.012515
0.013143
0.012864
0.01326
0.015312
0.0090318
0.012267
0.01258
0.014735
0.012856
0.016291
0.016898
0.015788
0.013845
0.018771
0.012061
0.015498
0.01617
0.015989
0.013523
0.013455
0.016349
0.021859
0.0058202
0.015629
0.014323
0.014966
0.015825
0.01238
0.016555
0.0073761
0.010747
0.0081688
0.0079288
0.010411
0.015473
0.014236
0.013203
0.012859
0.01386
0.01272
0.011889
0.01472
0.012943
0.014237
0.012212
0.012808
0.015823
0.022566
0.022825
0.019168
0.021849
0.021501
0.018684
0.020402
0.016921
0.01421
0.010891
0.013071
0.01103
0.010813
0.014005
0.010714
0.012422
0.013385
0.014042
0.016933
0.01312
0.018029
0.012563
0.015358
0.018201
0.013258
0.012732
0.014184
0.013289
0.010641
0.011243
0.016139
0.014603
0.0094698
0.013819
0.014581
0.010286
0.0097201
0.01297
0.011224
0.013873
0.01177
0.011534
0.010397
0.010763
0.011731
0.01192
0.011383
0.010374
0.010536
0.012906
0.015054
0.011363
0.012303
0.015276
0.017346
0.013064
0.014505
0.013383
0.01199
0.01169
0.017157
0.014645
0.010484
0.01377
0.014734
0.011307
0.01198
0.012525
0.0075884
0.011655
0.0072546
0.011217
0.013007
0.016379
0.015181
0.015819
0.014082
0.016456
0.010433
0.017248
0.013403
0.012275
0.011855
0.010872
0.009534
0.018534
0.010312
0.01012
0.0089785
0.011015
0.008321
0.0092692
0.0063301
0.01055
0.0081357
0.0080171
0.0076179
0.010898
0.0081479
0.0075665
0.011914
0.010443
0.009004
0.014277
0.012813
0.0075823
0.00845
0.01895
0.012516
0.010011
0.01232
0.0086051
0.011168
0.0060405
0.0096702
0.0099581
0.001765
0.010434
0.0097233
0.015963
0.0085749
0.0032947
0.0093487
0.008521
0.0084693
0.010672
0.006494
0.0079629
0.011466
0.010543
0.010177
0.010474
0.00934
0.0096457
0.0089243
0.010331
0.024078
0.0081536
0.011287
0.009261
0.0099858
0.009737
0.010952
0.011351
0.01638
0.010917
0.011433
0.01573
0.009585
0.011468
0.011196
0.013764
0.0097248
0.013008
0.010792
0.013058
0.012203
0.010086
0.010538
0.0016848
0.0017992
0.012941
0.010937
0.012424
0.013229
0.014732
0.0092069
0.010686
0.012463
0.012455
0.010967
0.0090522
0.0092475
0.010261
0.0093111
0.011883
0.011837
0.013375
0.0068964
0.010057
0.001875
0.0032345
0.01458
0.008554
0.0086119
0.0078882
0.0068334
0.013792
0.0027583
0.0027821
0.010178
0.0068638
0.006369
0.013241
0.013017
0.0078253
0.012948
0.008843
0.0087919
0.013258
0.0093852
0.011458
0.0094313
0.010867
0.01047
0.012789
0.008606
0.010877
0.0081607
0.0126
0.012374
0.011594
0.012066
0.012703
0.012907
0.013829
0.012654
0.0090727
0.0082053
0.0076316
0.008502
0.0062864
0.0039402
0.013093
0.013088
0.01277
0.011
0.013028
0.012623
0.01035
0.012717
0.015501
0.013133
0.010944
0.012542
0.012953
0.016017
0.01389
0.014469
0.013236
0.0072221
0.011842
0.011075
0.0066386
0.0062417
0.014719
0.013169
0.0045986
0.0010176
0.01235
0.011644
0.015966
0.015118
0.015806
0.013602
0.014256
0.016277
0.014029
0.0080247
0.0068752
0.0078596
0.0083149
0.0065037
0.0082363
0.0065305
0.0082242
0.0081431
0.011055
0.0098526
0.0093576
0.011768
0.0077557
0.0074849
0.010026
0.011781
0.01134
0.0059384
0.0099957
0.012527
0.0093032
0.0096939
0.009409
0.013737
0.0037988
0.009445
0.0094286
0.009637
0.0098547
0.0086831
0.011299
0.011219
0.0077205
0.0059709
0.0075293
0.0094194
0.0072378
0.0077605
0.0069784
0.008039
0.0057999
0.0070218
0.0044059
0.0067692
0.0045683
0.0057127
0.0071283
0.0053253
0.0081718
0.0067457
0.0045714
0.0057356
0.008776
0.0072394
0.0074643
0.0096154
0.0060358
0.0084844
0.0088917
0.0066695
0.01096
0.013142
0.0091151
0.010203
0.015043
0.01067
0.010533
0.013139
0.010604
0.012807
0.012242
0.011742
0.0099535
0.0077383
0.015123
0.0064854
0.012446
0.012459
0.010611
0.013294
0.010094
0.012586
0.013163
0.010393
0.014129
0.013168
0.013537
0.014092
0.015907
0.011882
0.013358
0.01269
0.012451
0.011348
0.012084
0.012685
0.014497
0.0088676
0.0086426
0.0091893
0.010796
0.012378
0.010664
0.0099975
0.004344
0.0076562
0.0085186
0.013
0.017597
0.015586
0.016854
0.014014
0.011044
0.01546
0.014403
0.015037
0.013002
0.013225
0.015742
0.014964
0.016198
0.016972
0.016483
0.0077971
0.0061582
0.010856
0.011965
0.013782
0.017215
0.013526
0.01462
0.017128
0.017157
0.015351
0.015781
0.013415
0.016701
0.017959
0.013547
0.016153
0.011397
0.012811
0.011075
0.011367
0.011873
0.010741
0.013064
0.013925
0.011152
0.013355
0.012035
0.013001
0.011511
0.01136
0.011627
0.013127
0.012306
0.016186
0.011916
0.016381
0.010086
0.013492
0.012214
0.012121
0.012403
0.013233
0.014871
0.012318
0.012869
0.014108
0.013822
0.01776
0.016337
0.014974
0.013948
0.01534
0.0084962
0.011818
0.010181
0.014615
0.015564
0.01676
0.015716
0.01713
0.016086
0.015925
0.013551
0.016308
0.015184
0.014087
0.014098
0.014542
0.0075528
0.010175
0.0076416
0.012018
0.0036464
0.016242
0.0034059
0.015938
0.016396
0.014618
0.01265
0.015254
0.01536
0.016532
0.016568
0.01276
0.014174
0.014824
0.015204
0.005164
0.015575
0.01481
0.013126
0.014879
0.014571
0.016399
0.016776
0.014285
0.018237
0.014243
0.013804
0.015133
0.013535
0.017786
0.015265
0.014144
0.012224
0.016195
0.018778
0.017808
0.019819
0.017051
0.015176
0.012822
0.013423
0.013053
0.011303
0.02691
0.022658
0.026886
0.024905
0.031563
0.0055286
0.026436
0.030233
0.029078
0.024205
0.027609
0.027308
0.026536
0.022742
0.028148
0.020983
0.021381
0.027035
0.018977
0.024164
0.0060436
0.0056198
0.016199
0.015592
0.026015
0.0067043
0.02533
0.028054
0.022689
0.023571
0.019594
0.026158
0.014153
0.0089591
0.0098999
0.00819
0.014429
0.0096625
0.015227
0.015569
0.0070186
0.0071817
0.015103
0.0071679
0.010993
0.0075569
0.010353
0.0060133
0.024495
0.021756
0.012835
0.0097007
0.0094255
0.008014
0.0091174
0.0087459
0.018913
0.0091163
0.010991
0.011798
0.01011
0.011642
0.0097509
0.0075362
0.0049639
0.0095848
0.0072146
0.01015
0.010437
0.0078814
0.0071323
0.013673
0.0082241
0.013664
0.0048533
0.0045243
0.0047742
0.010923
0.01271
0.012654
0.015123
0.013857
0.011815
0.012193
0.013189
0.014401
0.014619
0.0090268
0.0077099
0.012017
0.013264
0.010545
0.011668
0.0099139
0.013183
0.01212
0.0098867
0.01062
0.0080301
0.012836
0.0092468
0.011044
0.0059416
0.015481
0.008899
0.014232
0.014964
0.014662
0.0085264
0.006842
0.010206
0.0091527
0.0077881
0.0071933
0.015436
0.0077037
0.0070419
0.015018
0.011394
0.008006
0.0067627
0.010584
0.0055807
0.010002
0.0073586
0.00848
0.0090881
0.0082717
0.0079936
0.011246
0.0094688
0.0073994
0.0099374
0.0072401
0.007209
0.013281
0.013641
0.014037
0.013665
0.014802
0.016835
0.0067344
0.006817
0.010494
0.0083166
0.016922
0.011211
0.012764
0.010312
0.011149
0.012302
0.0093208
0.011164
0.0084659
0.011004
0.01163
0.010799
0.012275
0.010344
0.011831
0.010915
0.0095276
0.011355
0.011819
0.011599
0.007509
0.0067752
0.012129
0.0085112
0.015573
0.016681
0.0099197
0.017687
0.016465
0.014073
0.015223
0.012804
0.0019978
0.0016565
0.0019788
0.0015703
0.0027111
0.0021453
0.0033778
0.0036644
0.012936
0.010655
0.010878
0.0036032
0.012414
0.012345
0.0094497
0.011818
0.013736
0.011233
0.012754
0.011
0.011849
0.010268
0.01022
0.013662
0.013091
0.014745
0.013681
0.012809
0.012503
0.013072
0.014874
0.017678
0.012775
0.0045013
0.01547
0.0059768
0.0042194
0.0055024
0.0062172
0.0063958
0.0078089
0.0058779
0.010169
0.011284
0.0074692
0.010341
0.01212
0.0038206
0.0033293
0.0043797
0.019108
0.0039285
0.0049447
0.0043762
0.005608
0.0075547
0.01934
0.0065173
0.006346
0.017811
0.013626
0.0074681
0.0070962
0.0065703
0.0050999
0.0052117
0.0043427
0.0049474
0.0042556
0.0057646
0.008742
0.0053139
0.0067093
0.0050997
0.011928
0.0082963
0.0089859
0.013055
0.012228
0.0069692
0.009424
0.0080746
0.0072449
0.0083283
0.0082224
0.0077577
0.01472
0.012911
0.012883
0.013371
0.016538
0.0133
0.013209
0.011992
0.015768
0.015803
0.011294
0.010095
0.014556
0.014802
0.014378
0.015617
0.014158
0.020081
0.011652
0.014116
0.01198
0.015649
0.01209
0.014067
0.015
0.014311
0.016308
0.014008
0.014403
0.016345
0.015965
0.013285
0.013991
0.0070817
0.0059664
0.0062019
0.010028
0.0065281
0.0086859
0.00345
0.010921
0.013652
0.010684
0.010751
0.012645
0.016378
0.0084485
0.015334
0.013964
0.0093197
0.01621
0.015996
0.016149
0.0094954
0.014232
0.01119
0.0027399
0.0088471
0.0041752
0.0091658
0.0022687
0.0037043
0.0043407
0.0040299
0.016083
0.0040823
0.0027659
0.0081852
0.0091719
0.010719
0.011188
0.0085586
0.0090695
0.0099248
0.010414
0.009947
0.011468
0.012499
0.011131
0.012431
0.012351
0.01256
0.011053
0.013397
0.012419
0.011236
0.011774
0.011093
0.012733
0.016048
0.015665
0.012599
0.01425
0.015249
0.013815
0.013308
0.011434
0.010939
0.011386
0.014042
0.013655
0.011556
0.010158
0.0094359
0.021235
0.011048
0.012881
0.013782
0.018487
0.015457
0.013378
0.015715
0.014921
0.014742
0.011849
0.011242
0.013727
0.014999
0.016262
0.016588
0.015868
0.015346
0.018691
0.018747
0.01541
0.018028
0.015553
0.016157
0.016749
0.015796
0.016705
0.015035
0.01571
0.015873
0.011714
0.011039
0.010938
0.013763
0.014091
0.014319
0.012772
0.014498
0.012954
0.012877
0.012753
0.010201
0.013273
0.011376
0.012313
0.01592
0.015207
0.019466
0.0041351
0.018636
0.019443
0.016942
0.0026927
0.0029102
0.012867
0.015464
0.016724
0.013084
0.014295
0.016827
0.016444
0.012524
0.014671
0.013709
0.011176
0.0088865
0.012522
0.0087989
0.010464
0.01047
0.010337
0.011941
0.01177
0.011964
0.01041
0.0090539
0.010302
0.0095908
0.013697
0.010046
0.010511
0.0098745
0.01082
0.013718
0.017983
0.01627
0.027224
0.023169
0.02426
0.02477
0.029512
0.012355
0.01088
0.0096589
0.0088916
0.026971
0.022984
0.029309
0.022975
0.027029
0.028829
0.020666
0.02194
0.01755
0.011548
0.021387
0.020982
0.018206
0.01129
0.018293
0.020008
0.022152
0.024657
0.019698
0.013487
0.023202
0.020009
0.0065178
0.0087098
0.0070342
0.0083762
0.0056243
0.0075439
0.0066019
0.0052993
0.0075199
0.0074133
0.0067909
0.013285
0.014407
0.0073984
0.013686
0.0060135
0.013255
0.020773
0.014158
0.016309
0.016567
0.017656
0.014483
0.013691
0.012485
0.015487
0.011352
0.012313
0.013492
0.0059379
0.0057605
0.0088883
0.0085482
0.011884
0.0053056
0.011572
0.01221
0.0058721
0.0058144
0.0056703
0.014396
0.0067428
0.0074565
0.0062322
0.011095
0.0061191
0.006709
0.0073161
0.0045415
0.011
0.0086811
0.0096245
0.012097
0.0074065
0.0083212
0.009689
0.0082985
0.0059104
0.0067246
0.0073007
0.007825
0.0079617
0.0096104
0.013791
0.013478
0.014755
0.011884
0.013205
0.012869
0.0151
0.0076119
0.0097151
0.012556
0.0076965
0.010342
0.01342
0.0069618
0.011314
0.010245
0.010695
0.007154
0.013598
0.013812
0.015881
0.012288
0.010239
0.012135
0.010215
0.0085227
0.010245
0.014297
0.013657
0.014814
0.015383
0.012975
0.01492
0.013803
0.013317
0.011709
0.014806
0.01153
0.012884
0.01111
0.013325
0.016408
0.015974
0.014393
0.016825
0.01609
0.013788
0.014857
0.0088369
0.007491
0.029228
0.014085
0.010691
0.012641
0.012822
0.010927
0.010692
0.0065678
0.010655
0.0085974
0.010278
0.010217
0.010097
0.011628
0.014468
0.0098652
0.010742
0.014358
0.011674
0.0098572
0.0085694
0.0102
0.0087348
0.010587
0.0091103
0.010453
0.0082835
0.013291
0.0099785
0.010555
0.01413
0.013749
0.012425
0.015805
0.01244
0.0092952
0.0098217
0.0086881
0.013753
0.014784
0.015444
0.016748
0.015227
0.015103
0.014904
0.017498
0.013566
0.011159
0.015635
0.012358
0.011532
0.013382
0.0059386
0.0068975
0.0074055
0.0022795
0.0032605
0.0073479
0.0058429
0.004063
0.0063335
0.0060848
0.0064974
0.006863
0.0055892
0.0055165
0.0060062
0.0036634
0.0071028
0.006315
0.011915
0.011388
0.012126
0.010909
0.011545
0.011079
0.013875
0.010558
0.013081
0.014665
0.013959
0.015139
0.014641
0.011697
0.014572
0.014446
0.01199
0.012839
0.012065
0.0065027
0.0077327
0.0064276
0.0097538
0.0055528
0.0060429
0.011496
0.0088594
0.0051428
0.0084082
0.0051744
0.0091095
0.0075298
0.0085119
0.010067
0.0095111
0.010413
0.011728
0.012884
0.012779
0.011542
0.012669
0.01296
0.0041739
0.0064348
0.0067294
0.0054251
0.0088416
0.0067647
0.0058498
0.007371
0.0074883
0.0060457
0.0062232
0.0067051
0.0048535
0.0055405
0.0053175
0.0059615
0.0057473
0.0058708
0.0050822
0.0079546
0.0085669
0.011621
0.006382
0.0098206
0.0065483
0.0074088
0.010595
0.007019
0.0065117
0.0085622
0.0131
0.013186
0.011451
0.011478
0.01056
0.010275
0.015646
0.013237
0.012368
0.012918
0.012641
0.010524
0.010503
0.0097547
0.014055
0.015031
0.013939
0.013093
0.01348
0.01408
0.014877
0.014533
0.01425
0.013762
0.013886
0.013964
0.014379
0.014091
0.015088
0.013179
0.014834
0.0088508
0.0078772
0.01146
0.0085923
0.010398
0.013475
0.018463
0.017789
0.024483
0.021612
0.0074736
0.0082836
0.0073877
0.0074246
0.0084049
0.0099242
0.010197
0.0095574
0.014339
0.010797
0.011489
0.010124
0.014939
0.0086671
0.0099205
0.011761
0.010208
0.010336
0.0097724
0.0092215
0.0084786
0.0079026
0.011155
0.010644
0.0107
0.0098699
0.011794
0.010525
0.0097489
0.011426
0.0078025
0.011184
0.011471
0.010507
0.012513
0.012472
0.011527
0.011437
0.013899
0.013022
0.01107
0.011927
0.012024
0.012056
0.011557
0.01226
0.011629
0.011653
0.010782
0.011267
0.010581
0.011791
0.0099144
0.014436
0.015433
0.019512
0.021279
0.02145
0.021862
0.016359
0.018708
0.015641
0.015723
0.014772
0.021312
0.013511
0.013072
0.014114
0.013073
0.016183
0.015652
0.015448
0.017506
0.016076
0.01702
0.017545
0.018328
0.019157
0.020283
0.025684
0.021107
0.0209
0.026313
0.014672
0.018442
0.013466
0.019624
0.0205
0.022686
0.025526
0.019411
0.014468
0.027027
0.017262
0.019576
0.015414
0.015538
0.017878
0.019036
0.021112
0.016194
0.017799
0.013408
0.012088
0.015969
0.015798
0.014876
0.016095
0.01456
0.016478
0.01695
0.014369
0.0054768
0.007824
0.0077728
0.011998
0.011604
0.011747
0.017642
0.0016076
0.018937
0.009593
0.017896
0.015454
0.019001
0.014436
0.018761
0.020109
0.017297
0.01379
0.017932
0.010328
0.02169
0.012747
0.021627
0.01631
0.01154
0.009524
0.01805
0.011847
0.018483
0.012477
0.012472
0.010269
0.018229
0.013569
0.020012
0.016671
0.013727
0.016119
0.011339
0.014808
0.012822
0.010952
0.01251
0.0025457
0.012874
0.01167
0.013716
0.0014615
0.012827
0.013013
0.014048
0.013203
0.010179
0.010976
0.011025
0.013572
0.011815
0.015151
0.014602
0.011424
0.013207
0.011381
0.012766
0.012228
0.010979
0.014134
0.01467
0.010609
0.010565
0.0085271
0.010445
0.018682
0.020127
0.017808
0.019691
0.017565
0.016714
0.017556
0.018622
0.016006
0.0083463
0.02211
0.017008
0.0049877
0.014432
0.021888
0.021549
0.01281
0.020973
0.018998
0.021883
0.0072635
0.012449
0.017672
0.0067145
0.0088243
0.011513
0.0062997
0.014437
0.0098319
0.011328
0.0082982
0.0064004
0.006796
0.0061465
0.0077606
0.010328
0.011768
0.0082348
0.011051
0.0068785
0.0088724
0.0079208
0.0080588
0.011034
0.011603
0.0085489
0.011865
0.0098537
0.0095498
0.010452
0.011911
0.01145
0.011584
0.011286
0.0093071
0.034218
0.030289
0.024805
0.024974
0.029103
0.024583
0.024525
0.023094
0.025858
0.023303
0.024178
0.021552
0.022348
0.019881
0.018728
0.01577
0.037031
0.031651
0.032783
0.029749
0.027336
0.026803
0.022282
0.029175
0.026463
0.026743
0.02628
0.022274
0.02363
0.026004
0.023294
0.014997
0.020618
0.019364
0.015207
0.022588
0.020207
0.014712
0.015003
0.018938
0.018819
0.017949
0.013344
0.016832
0.014373
0.018444
0.018045
0.012175
0.014524
0.014254
0.018744
0.012324
0.017925
0.022992
0.021709
0.025803
0.023392
0.021904
0.020453
0.023018
0.023591
0.021104
0.022557
0.013702
0.023921
0.022023
0.022373
0.018056
0.022729
0.014053
0.022449
0.027224
0.025775
0.018478
0.020361
0.027156
0.019545
0.016594
0.022398
0.022088
0.025106
0.014502
0.015981
0.011623
0.018325
0.019483
0.013882
0.015582
0.010224
0.019127
0.020976
0.0152
0.013846
0.018504
0.021482
0.012764
0.015022
0.016252
0.019204
0.017496
0.019223
0.017666
0.021516
0.023871
0.025177
0.019508
0.010857
0.018508
0.011833
0.012218
0.020192
0.009683
0.014419
0.015776
0.020462
0.012225
0.011046
0.0099312
0.021335
0.020935
0.0101
0.010776
0.0089689
0.022061
0.019661
0.0096717
0.0087302
0.018711
0.022972
0.02115
0.012015
0.0084468
0.010215
0.0084898
0.0079455
0.0078314
0.0071903
0.0071248
0.0076865
0.0065417
0.0075364
0.0078881
0.010639
0.0096452
0.015691
0.017706
0.014856
0.014724
0.012833
0.011315
0.018369
0.016382
0.0070573
0.0085553
0.0078078
0.008044
0.008298
0.0090074
0.0082724
0.0082906
0.0067165
0.0087593
0.0076145
0.0068737
0.0075961
0.011051
0.0072309
0.0097045
0.01204
0.012578
0.0066263
0.011961
0.012968
0.011487
0.013155
0.016978
0.006518
0.0088411
0.010133
0.0093448
0.0099377
0.0093863
0.012035
0.010757
0.0092028
0.011923
0.012283
0.011834
0.013388
0.012029
0.013916
0.0093993
0.012358
0.013455
0.0078055
0.0078196
0.0085233
0.0077701
0.0085825
0.011195
0.01332
0.0094681
0.011195
0.0043424
0.011944
0.0082873
0.0095576
0.0081189
0.0083195
0.007772
0.0087363
0.011809
0.012471
0.013364
0.011242
0.011866
0.013933
0.014419
0.013546
0.012656
0.011957
0.013448
0.013096
0.012224
0.012025
0.011625
0.014177
0.011417
0.014074
0.011815
0.015511
0.011463
0.012014
0.011653
0.015614
0.014155
0.014171
0.015115
0.013695
0.015777
0.013841
0.014346
0.012133
0.008101
0.009566
0.0093356
0.009583
0.0088057
0.0085264
0.0083311
0.0093557
0.0082349
0.0056043
0.006704
0.0075506
0.010701
0.0088434
0.012695
0.014169
0.011458
0.0087834
0.0073445
0.0080518
0.0067043
0.008181
0.0077585
0.0058673
0.0083284
0.0087914
0.0092302
0.0058557
0.0091562
0.0072947
0.009117
0.0097555
0.011644
0.0094043
0.0071383
0.0083804
0.0083543
0.0099984
0.0089912
0.010672
0.0088401
0.009497
0.0098959
0.010081
0.0067552
0.0089178
0.0054242
0.010188
0.0067594
0.0074598
0.0073351
0.0069298
0.0057002
0.0076607
0.010611
0.0093286
0.0083935
0.0078425
0.0060207
0.0063463
0.0041152
0.0044752
0.0061617
0.003981
0.0081413
0.0057932
0.0061439
0.0093545
0.0081056
0.0092592
0.0079959
0.0092718
0.01028
0.011589
0.010534
0.0088312
0.008425
0.0084508
0.0085296
0.0052208
0.0072704
0.0067322
0.0098206
0.011348
0.014341
0.01078
0.012127
0.009377
0.0099013
0.0072695
0.0056825
0.0080063
0.0088552
0.0095208
0.0085327
0.009232
0.0097399
0.0095883
0.0097956
0.0090383
0.0089883
0.010934
0.0088521
0.0095731
0.0071653
0.0098087
0.0083288
0.0055681
0.0098882
0.0096941
0.0094595
0.010253
0.0094566
0.0087092
0.0061763
0.0084515
0.0091211
0.0088933
0.0086774
0.0080332
0.0066206
0.0059256
0.0081047
0.0067468
0.0078547
0.0081527
0.0069268
0.0067426
0.0064752
0.0070334
0.0059469
0.0054004
0.0074922
0.0064645
0.0057668
0.0064817
0.012462
0.011616
0.013032
0.013323
0.010161
0.014532
0.008575
0.0053633
0.0050017
0.0065905
0.005555
0.0088243
0.0050407
0.010416
0.014198
0.012093
0.011507
0.017493
0.011501
0.010992
0.012577
0.012898
0.010772
0.0091766
0.011785
0.01097
0.013065
0.013097
0.011837
0.010494
0.012323
0.010463
0.012756
0.014492
0.010289
0.0095451
0.0065229
0.0092121
0.012633
0.014119
0.013697
0.013657
0.014589
0.016446
0.015513
0.014598
0.018234
0.013295
0.014024
0.016391
0.0161
0.0080421
0.0079207
0.0085655
0.010608
0.0078967
0.0092964
0.01078
0.010596
0.011211
0.011925
0.011249
0.011173
0.013102
0.012317
0.010561
0.011793
0.014987
0.013938
0.014886
0.016772
0.015167
0.015213
0.014805
0.016125
0.016087
0.015377
0.016514
0.020401
0.016591
0.019093
0.021378
0.022144
0.018696
0.015657
0.018457
0.012323
0.018922
0.016547
0.014962
0.012159
0.018805
0.012534
0.018539
0.012669
0.019493
0.0083776
0.016677
0.011526
0.017647
0.013777
0.016575
0.011648
0.010527
0.012028
0.0098264
0.012692
0.010974
0.01206
0.010657
0.011734
0.011288
0.012239
0.01198
0.011691
0.012962
0.011658
0.010447
0.011556
0.011435
0.023822
0.023318
0.020831
0.021429
0.023118
0.023196
0.022302
0.02138
0.024694
0.022579
0.021193
0.024126
0.01156
0.018078
0.015057
0.025201
0.022849
0.020332
0.023545
0.027445
0.027452
0.026358
0.025436
0.022724
0.021385
0.026076
0.025142
0.018202
0.028405
0.024551
0.019027
0.0086648
0.0085521
0.011944
0.007482
0.010546
0.011772
0.0099298
0.0075044
0.0084139
0.011297
0.0061591
0.008171
0.0080629
0.0089785
0.0039121
0.004964
0.0033369
0.013477
0.010236
0.0098868
0.0049614
0.012174
0.0087905
0.0060085
0.017802
0.020375
0.01727
0.013233
0.014725
0.012361
0.012026
0.010625
0.0046425
0.0042321
0.0051233
0.0071821
0.010732
0.011128
0.0058056
0.0044139
0.004659
0.0046966
0.0043327
0.0049175
0.010782
0.0054482
0.0045636
0.0053801
0.004672
0.0061603
0.0051498
0.0064705
0.0081245
0.0059054
0.005614
0.0076807
0.0045849
0.0058049
0.017646
0.014987
0.012134
0.015083
0.011385
0.014646
0.01358
0.012882
0.011548
0.014211
0.010613
0.013577
0.010874
0.010899
0.0124
0.025108
0.0085144
0.03263
0.025509
0.034773
0.022636
0.037783
0.024942
0.033544
0.017381
0.022104
0.023569
0.030628
0.017313
0.024112
0.020464
0.025281
0.023027
0.025209
0.018698
0.039323
0.038228
0.031676
0.030481
0.029578
0.027193
0.024398
0.023529
0.024628
0.019955
0.020799
0.012762
0.015479
0.01366
0.01351
0.010886
0.013135
0.012297
0.013453
0.013703
0.015366
0.011448
0.015512
0.01437
0.014361
0.014237
0.015141
0.012289
0.020525
0.024152
0.020748
0.016279
0.021416
0.021918
0.02209
0.022645
0.023396
0.023155
0.026324
0.012239
0.012407
0.011422
0.013878
0.015099
0.010547
0.011889
0.013014
0.0088068
0.020547
0.024555
0.024611
0.02766
0.025928
0.025809
0.026797
0.026828
0.024578
0.02468
0.027348
0.027811
0.023625
0.024982
0.02235
0.0069996
0.0064918
0.0062682
0.0076078
0.0067635
0.014097
0.019167
0.0095599
0.023907
0.0083432
0.00708
0.0062475
0.022745
0.01799
0.0063811
0.021821
0.021386
0.019184
0.021139
0.0056736
0.0054839
0.0051806
0.0066179
0.0067292
0.0046319
0.004142
0.0061201
0.0081246
0.0040415
0.0063536
0.0056465
0.007854
0.0046011
0.0056796
0.0082682
0.0067759
0.0056506
0.0049511
0.006961
0.0031726
0.0056176
0.0048684
0.0056303
0.0039384
0.0045875
0.0036067
0.0042986
0.0043994
0.0032372
0.0045816
0.0032816
0.0037646
0.0041153
0.0038071
0.020919
0.016538
0.018295
0.018714
0.017732
0.016091
0.016835
0.01776
0.013578
0.010655
0.013247
0.0075339
0.006448
0.0067281
0.0075056
0.0036022
0.0065433
0.0044747
0.0053562
0.0057031
0.0040658
0.0071485
0.0068384
0.006746
0.0031465
0.0040221
0.0044835
0.0037883
0.0035585
0.0029981
0.003403
0.0041342
0.0032352
0.0029417
0.0049512
0.0026804
0.0039934
0.0043694
0.0097416
0.010668
0.0038427
0.0044223
0.0038222
0.0039036
0.0054777
0.01229
0.01207
0.0092043
0.0098327
0.010516
0.01108
0.0089165
0.013131
0.00925
0.010928
0.009846
0.010941
0.0095341
0.010596
0.01061
0.010027
0.0085697
0.007078
0.0076251
0.0071826
0.0075639
0.0072588
0.0077159
0.0082083
0.010458
0.010428
0.0072084
0.0074755
0.0069612
0.009699
0.0080481
0.0081256
0.008044
0.0098046
0.0084842
0.0071065
0.0069607
0.010625
0.007354
0.005734
0.0080721
0.0067272
0.0080694
0.0060574
0.0099427
0.0098141
0.0078286
0.0051818
0.010065
0.0091597
0.0067225
0.0092479
0.011122
0.013114
0.01167
0.011323
0.0083607
0.0091346
0.0075351
0.010778
0.0093855
0.012076
0.0088126
0.0090133
0.009352
0.0090432
0.0089407
0.011848
0.01037
0.011072
0.0053623
0.0065326
0.0094965
0.0051917
0.0077115
0.0093166
0.0055597
0.0057857
0.0088478
0.007527
0.0049801
0.0053714
0.0052872
0.0081317
0.0084113
0.0050762
0.008086
0.0097724
0.006888
0.008848
0.0078441
0.0090872
0.0086214
0.0090576
0.0093238
0.0095845
0.0099162
0.010918
0.010066
0.011519
0.0087511
0.0091258
0.0091459
0.010466
0.0096792
0.0076087
0.0054463
0.0040004
0.012012
0.0036368
0.0036394
0.0075536
0.0036495
0.0057817
0.0048201
0.0033757
0.0077416
0.0077887
0.0070913
0.0091655
0.0077957
0.0091772
0.010354
0.0081231
0.010892
0.01226
0.0077138
0.0079985
0.010017
0.007962
0.011798
0.012969
0.010015
0.012301
0.012577
0.014398
0.0085553
0.010319
0.0079784
0.014801
0.014257
0.010542
0.0080261
0.014455
0.011257
0.01253
0.0095745
0.014099
0.0078103
0.013223
0.0097504
0.0083004
0.013543
0.012515
0.012027
0.011853
0.011178
0.011768
0.0059203
0.0074792
0.0070038
0.0075892
0.0089197
0.0053144
0.0069728
0.0069621
0.0080642
0.0058115
0.0062612
0.0078817
0.0076777
0.0084381
0.0056523
0.0043992
0.0097011
0.0088785
0.0072367
0.0057378
0.00876
0.009104
0.0078803
0.0060119
0.0033561
0.006498
0.0052613
0.0087284
0.0052638
0.004906
0.0047052
0.0050517
0.0074511
0.0039711
0.0049823
0.0042474
0.0041144
0.006127
0.0050166
0.01112
0.013126
0.010075
0.0096194
0.011639
0.010098
0.012143
0.013258
0.011577
0.013476
0.010987
0.012268
0.011937
0.012687
0.010183
0.01449
0.010865
0.01182
0.010965
0.011628
0.014246
0.013536
0.014556
0.013245
0.014552
0.013681
0.012222
0.0129
0.012691
0.0075583
0.0072834
0.0058647
0.0091783
0.0066731
0.010263
0.010405
0.0076091
0.0065222
0.0074998
0.0106
0.0090122
0.012495
0.01311
0.013857
0.0045677
0.0067276
0.0086506
0.01269
0.008507
0.0095541
0.0045055
0.0088609
0.0080257
0.0085808
0.0070833
0.011982
0.013209
0.011186
0.011222
0.01323
0.010831
0.010954
0.0050329
0.011328
0.0083134
0.012464
0.010997
0.013288
0.014345
0.013336
0.01385
0.01447
0.013254
0.012168
0.011606
0.011951
0.014066
0.009177
0.0080228
0.0095308
0.010084
0.0099158
0.0099411
0.011787
0.010057
0.010368
0.010608
0.017533
0.016302
0.01756
0.016537
0.017669
0.021528
0.013262
0.008429
0.014916
0.013069
0.0077788
0.0087042
0.011174
0.0073654
0.0099309
0.010114
0.010013
0.022406
0.020327
0.024179
0.021222
0.022177
0.024279
0.024666
0.024139
0.022721
0.02471
0.020906
0.021166
0.023425
0.021494
0.023644
0.023081
0.021106
0.02483
0.023948
0.015344
0.014523
0.018847
0.02051
0.0094262
0.011061
0.0085914
0.009789
0.0092888
0.012843
0.012382
0.0087477
0.011696
0.010349
0.011451
0.011569
0.024143
0.022184
0.018889
0.016282
0.022376
0.02244
0.018421
0.021608
0.016364
0.01915
0.015512
0.013764
0.016147
0.012331
0.01216
0.012371
0.012225
0.015543
0.012878
0.012551
0.014835
0.013398
0.013474
0.013284
0.012234
0.011144
0.011942
0.011714
0.020612
0.019487
0.01953
0.016937
0.01753
0.0166
0.017743
0.021869
0.015083
0.015027
0.015136
0.016152
0.015781
0.015307
0.015488
0.015583
0.022457
0.013101
0.013777
0.017805
0.018165
0.010744
0.010692
0.016428
0.011481
0.01605
0.011997
0.016936
0.012365
0.010706
0.012497
0.010858
0.017786
0.010341
0.020877
0.023562
0.021172
0.011288
0.013879
0.015428
0.015088
0.014087
0.011831
0.010017
0.010253
0.01073
0.0085041
0.0090463
0.0098052
0.0080876
0.0071172
0.0094012
0.0056309
0.0095784
0.016014
0.016877
0.018434
0.024293
0.012548
0.013271
0.014356
0.016373
0.018944
0.016434
0.0191
0.017279
0.01364
0.019803
0.017728
0.017143
0.013686
0.024459
0.014316
0.016769
0.017196
0.013291
0.0069513
0.0078466
0.009632
0.0074778
0.0055769
0.0077689
0.0055606
0.0064029
0.0060255
0.0054671
0.0066032
0.0070177
0.0063717
0.0067007
0.010852
0.010377
0.010066
0.005293
0.0041082
0.0042336
0.010086
0.018048
0.016507
0.016131
0.023764
0.027936
0.016809
0.017892
0.017285
0.0189
0.025101
0.023425
0.018481
0.014954
0.014852
0.01993
0.014519
0.024259
0.013484
0.012662
0.018008
0.015005
0.0047588
0.005323
0.006278
0.015038
0.015602
0.0091038
0.010938
0.0087088
0.0093486
0.0091512
0.017338
0.0089088
0.010729
0.0049187
0.0068644
0.0085606
0.010401
0.0057503
0.0088023
0.011381
0.0094199
0.0079947
0.009805
0.0088499
0.0034133
0.0050545
0.010288
0.0060602
0.0086499
0.0076078
0.012144
0.012313
0.011191
0.015479
0.014986
0.017909
0.015496
0.015785
0.01656
0.012565
0.019548
0.018012
0.019947
0.024475
0.018319
0.019656
0.022626
0.027594
0.0258
0.012138
0.012974
0.015995
0.015776
0.017766
0.022012
0.020994
0.026713
0.0035244
0.0054187
0.0030652
0.0032091
0.0041581
0.0034548
0.003511
0.0049277
0.0052059
0.0042012
0.0045169
0.0054267
0.0042083
0.0094981
0.0041556
0.0086251
0.0069155
0.0042661
0.0046637
0.0070755
0.0077409
0.0082988
0.0040337
0.0047061
0.0042038
0.0057768
0.0090648
0.0061521
0.0052406
0.004506
0.0042237
0.0061733
0.0037359
0.0077593
0.0045288
0.0030901
0.0058716
0.0082937
0.0090527
0.0040744
0.0054385
0.015387
0.018691
0.0204
0.020553
0.021879
0.020591
0.012857
0.025336
0.014077
0.019963
0.024871
0.018901
0.01966
0.024949
0.017699
0.023032
0.0036555
0.0040284
0.0038179
0.0043303
0.004723
0.0043598
0.0034822
0.0023109
0.0035777
0.0051095
0.0023643
0.0030571
0.0031401
0.0058883
0.0077137
0.0061088
0.0041688
0.0056514
0.0048535
0.022247
0.014598
0.019899
0.022747
0.018322
0.020149
0.021438
0.020715
0.017719
0.020846
0.020594
0.023906
0.01807
0.022387
0.022941
0.022132
0.012794
0.025103
0.022902
0.02481
0.023611
0.029993
0.026283
0.025611
0.02321
0.026272
0.0027577
0.0050487
0.0060433
0.0037869
0.0058743
0.0067448
0.0056068
0.0062121
0.0025563
0.0064284
0.0044154
0.0044172
0.0039652
0.0023177
0.0025438
0.007579
0.0072768
0.0026749
0.028783
0.028972
0.0294
0.0080183
0.012847
0.0082309
0.012703
0.013108
0.011547
0.0060072
0.012682
0.008735
0.0068279
0.0089114
0.0082901
0.0057986
0.0064215
0.007033
0.0081796
0.0069782
0.0062995
0.0063572
0.0071715
0.0071217
0.0028787
0.0037589
0.0033655
0.0031248
0.0030545
0.0039646
0.0074733
0.0084184
0.009121
0.0023518
0.0018426
0.0020503
0.008133
0.0038232
0.0027847
0.0021324
0.0022908
0.010639
0.008496
0.0086548
0.0045275
0.0029056
0.0094845
0.0031194
0.0041485
0.0099143
0.0065063
0.00914
0.010389
0.007902
0.012289
0.011165
0.012372
0.011847
0.014733
0.010887
0.013382
0.010709
0.010936
0.0096121
0.010124
0.0094296
0.012103
0.0085564
0.012166
0.010347
0.012411
0.012758
0.011421
0.000934
0.00013692
0.0099246
0.0010093
0.0093342
0.012806
0.0091537
0.0098229
0.0058469
0.0068888
0.01092
0.0082076
0.0084724
0.0083615
0.010439
0.010831
0.010567
0.010689
0.011478
0.010906
0.0062056
0.011218
0.0085781
0.0095323
0.0084089
0.011057
0.010601
0.010044
0.0096344
0.0089932
0.010487
0.0087507
0.009096
0.010182
0.0086055
0.011551
0.0034869
0.0025154
0.0041288
0.0040375
0.0050809
0.0059299
0.0066325
0.0089251
0.0075653
0.010269
0.0066027
0.006399
0.0080389
0.0073417
0.0086827
0.0065166
0.0089197
0.0092973
0.010272
0.0091489
0.0081423
0.012001
0.011085
0.0087953
0.011675
0.010494
0.0074265
0.011494
0.011622
0.0086649
0.012127
0.01257
0.011893
0.01236
0.012698
0.014118
0.014388
0.0061565
0.014206
0.010978
0.013903
0.011023
0.013019
0.013661
0.011392
0.010429
0.011259
0.0088341
0.012276
0.010172
0.0086228
0.010998
0.016326
0.015405
0.016017
0.016258
0.019458
0.015664
0.017236
0.013219
0.012514
0.011726
0.011105
0.010934
0.012159
0.0085909
0.018299
0.019834
0.021006
0.020106
0.024357
0.010251
0.01164
0.012829
0.012758
0.012521
0.021276
0.020533
0.020766
0.012678
0.014217
0.017326
0.013875
0.016109
0.014827
0.014315
0.013546
0.017688
0.010029
0.0088918
0.01845
0.017704
0.017311
0.011136
0.011976
0.013644
0.01037
0.011412
0.0071604
0.0083575
0.015645
0.0091925
0.012155
0.012101
0.0080808
0.01148
0.0095294
0.011047
0.0073022
0.012286
0.01921
0.022077
0.01445
0.021787
0.018493
0.019655
0.020093
0.014332
0.013528
0.015614
0.016825
0.01817
0.024302
0.014068
0.0085932
0.0068889
0.010313
0.011726
0.013332
0.0090516
0.0115
0.0072931
0.013731
0.0093168
0.0096491
0.011893
0.0085212
0.015743
0.012282
0.010359
0.012727
0.014231
0.010872
0.007883
0.0061717
0.0090098
0.0072112
0.0099324
0.006635
0.0061764
0.0075592
0.0066984
0.012958
0.0067293
0.0097825
0.0070551
0.0080752
0.0099085
0.0063138
0.0084463
0.014677
0.01449
0.014328
0.015122
0.010674
0.017993
0.023603
0.015929
0.015655
0.020591
0.016726
0.016187
0.018116
0.027344
0.017025
0.01789
0.024335
0.022545
0.019155
0.02339
0.026387
0.024757
0.024748
0.013477
0.015322
0.01208
0.011472
0.014642
0.015739
0.010626
0.010317
0.010371
0.010944
0.011865
0.013013
0.0070694
0.021193
0.021187
0.021024
0.0072695
0.0079801
0.007285
0.0065955
0.0079814
0.0095703
0.010479
0.0048333
0.0090494
0.0086742
0.014605
0.0098682
0.0081527
0.0077832
0.010347
0.0070927
0.0065881
0.0057558
0.0058964
0.027515
0.0073788
0.0042242
0.0083105
0.0055815
0.0055141
0.010214
0.0049685
0.0035241
0.0057986
0.0030892
0.0055264
0.0034018
0.0057364
0.008376
0.0035549
0.0087602
0.0027752
0.021405
0.0098307
0.012446
0.012016
0.015299
0.014762
0.018847
0.01445
0.01046
0.0080554
0.0085004
0.0088064
0.011841
0.011587
0.012232
0.010729
0.0091784
0.0030973
0.0026659
0.0026528
0.001307
0.0029016
0.0034407
0.0037296
0.0057281
0.006636
0.0062155
0.0062358
0.005451
0.0061224
0.0071194
0.010098
0.010968
0.014875
0.011932
0.013477
0.011767
0.010402
0.023029
0.016789
0.018609
0.011902
0.022493
0.011841
1.909e-05
0.0023023
0.0054651
0.0019531
0.0022128
0.0025579
0.0071591
0.0049597
0.0064408
0.0067315
0.028781
0.025427
0.012819
0.0074739
0.015084
0.015535
0.0090604
0.020925
0.01467
0.013059
0.026461
0.027229
0.023622
0.019478
0.012628
0.023511
0.0075518
0.01722
0.011807
0.023501
0.01327
0.012606
0.0131
0.014907
0.014208
0.013186
0.01313
0.013024
0.013296
0.012998
0.013622
0.013198
0.013365
0.0094387
0.012438
0.0090221
0.010841
0.0118
0.0024823
0.0085196
0.0065005
0.0040898
0.0056853
0.002748
0.0036714
0.0036455
0.0079363
0.0038188
0.0089891
0.0079172
0.0040888
0.0085253
0.010901
0.002744
0.0072529
0.0089013
0.0058748
0.0076442
0.0092841
0.010085
0.0049166
0.0090471
0.0090525
0.0086632
0.0070589
0.0087882
0.02241
0.020392
0.022187
0.016617
0.02183
0.014606
0.020822
0.017794
0.019822
0.02118
0.017013
0.018787
0.015018
0.010109
0.01412
0.011372
0.011457
0.012801
0.01314
0.010674
0.011239
0.013535
0.011251
0.01201
0.012797
0.014007
0.010343
0.0099834
0.01148
0.0077292
0.012444
0.016387
0.011973
0.012612
0.013886
0.012154
0.013124
0.012723
0.0094789
0.0064887
0.0054563
0.0060579
0.0081308
0.0083932
0.016062
0.021751
0.012758
0.015221
0.016314
0.016861
0.017589
0.017955
0.017179
0.017104
0.016868
0.017115
0.019037
0.017514
0.01459
0.015315
0.014368
0.014268
0.012784
0.011589
0.011105
0.013536
0.015756
0.017517
0.017268
0.017078
0.019505
0.023267
0.017325
0.010305
0.011328
0.013352
0.011318
0.012148
0.012802
0.01434
0.023173
0.020366
0.022848
0.023
0.019428
0.014589
0.020756
0.012762
0.017525
0.014997
0.013201
0.01471
0.015189
0.015337
0.013111
0.017338
0.017219
0.013495
0.013846
0.016098
0.026895
0.028834
0.021861
0.022264
0.024727
0.027329
0.018959
0.021624
0.016683
0.032064
0.029102
0.021152
0.019886
0.021182
0.017472
0.016816
0.016546
0.017422
0.028946
0.027302
0.028757
0.012973
0.016093
0.010638
0.010449
0.013807
0.011682
0.010845
0.02932
0.028736
0.022824
0.023147
0.02107
0.010083
0.011795
0.0091805
0.0085939
0.0069852
0.0072462
0.0090989
0.01584
0.011434
0.01845
0.013971
0.014454
0.0099671
0.0072993
0.011851
0.0081599
0.011437
0.010826
0.013407
0.0065786
0.0036149
0.0087589
0.013315
0.0042819
0.0080672
0.011301
0.014542
0.016174
0.014793
0.011952
0.013435
0.010707
0.013356
0.015034
0.015729
0.016368
0.0085029
0.013013
0.0084149
0.010511
0.0069239
0.012433
0.0096195
0.012001
0.010078
0.011843
0.011875
0.010761
0.011866
0.010876
0.010674
0.0089796
0.011567
0.01069
0.0065984
0.0075932
0.0052916
0.011493
0.0042101
0.0065181
0.0037765
0.010375
0.0077335
0.010891
0.0043077
0.0057334
0.0040192
0.0089317
0.0050175
0.0073972
0.0078224
0.0031107
0.0093284
0.0060868
0.0083075
0.0051406
0.0073488
0.0006707
0.0077485
0.0034682
0.0067147
0.0079431
0.0019799
0.0085492
0.0018083
0.0064506
0.014195
0.0096897
0.0089755
0.0058194
0.0096704
0.0081244
0.011292
0.0093237
0.012697
0.0096371
0.0096466
0.0077213
0.01467
0.015366
0.007512
0.013505
0.011249
0.012577
0.010024
0.010622
0.011992
0.0081233
0.00909
0.010414
0.011956
0.0080932
0.0086384
0.011877
0.012338
0.01417
0.011616
0.012576
0.0099612
0.012156
0.014946
0.014426
0.012565
0.012023
0.010411
0.0081133
0.010345
0.012095
0.012036
0.001702
0.0046219
0.0028495
0.0065027
0.0025318
0.0071096
0.0033811
0.0076136
0.00327
0.0014027
0.0034376
0.0068653
0.0044694
0.0046078
0.0021685
0.0070552
0.00074255
0.0076636
0.0078262
0.0028732
0.0083912
0.0020237
0.0087549
0.0088159
0.0069508
0.0089314
0.0088257
0.0081195
0.0085941
0.0093915
0.0078973
0.0082232
0.011772
0.011426
0.0098801
0.011321
0.014099
0.0096999
0.0097271
0.01242
0.013788
0.013169
0.012028
0.011383
0.011952
0.010598
0.0073196
0.011069
0.011789
0.012386
0.013029
0.01297
0.01217
0.008538
0.012203
0.006218
0.002761
0.0059851
0.0051672
0.004424
0.004236
0.0084348
0.0072417
0.0086599
0.011466
0.0084689
0.0080275
0.010108
0.0059481
0.013531
0.013028
0.013439
0.015136
0.014414
0.012149
0.013162
0.012618
0.014819
0.0077535
0.0081219
0.01449
0.01168
0.016533
0.014252
0.015287
0.01546
0.016181
0.016723
0.016708
0.01593
0.0176
0.01648
0.010079
0.011375
0.011862
0.012155
0.010084
0.011934
0.012641
0.01333
0.016949
0.015875
0.017234
0.018919
0.018161
0.018954
0.016987
0.021221
0.019478
0.023128
0.015225
0.01617
0.018302
0.01431
0.017609
0.014948
0.014645
0.018708
0.014761
0.01638
0.014879
0.016989
0.014972
0.021544
0.013804
0.020124
0.016022
0.016818
0.015612
0.01546
0.016858
0.014646
0.015989
0.014777
0.015582
0.015971
0.015227
0.015821
0.01475
0.017791
0.017929
0.013363
0.027979
0.029108
0.025853
0.029961
0.035056
0.025349
0.01704
0.012482
0.024836
0.02348
0.029254
0.034544
0.020757
0.026688
0.014013
0.029045
0.016404
0.02532
0.029637
0.032494
0.02861
0.023348
0.021591
0.034481
0.025238
0.02872
0.023449
0.012218
0.012049
0.0088785
0.008602
0.0099557
0.017698
0.0089135
0.0099514
0.0089929
0.010838
0.017386
0.012637
0.012642
0.010707
0.0089507
0.012457
0.011009
0.010864
0.010692
0.012658
0.010192
0.010728
0.0095982
0.011534
0.010407
0.0094827
0.011243
0.01369
0.0073098
0.0089358
0.008639
0.007859
0.0071308
0.0082162
0.0053304
0.013383
0.013585
0.0066079
0.0088809
0.0089476
0.013159
0.0086005
0.011583
0.0087145
0.0073774
0.0094994
0.0076595
0.010184
0.0099133
0.013473
0.013837
0.016341
0.010068
0.011494
0.010169
0.010594
0.015952
0.019153
0.02138
0.020099
0.020222
0.020608
0.01838
0.020087
0.012168
0.014288
0.014189
0.013214
0.013571
0.01342
0.013881
0.013551
0.012879
0.019603
0.021355
0.01755
0.014493
0.01731
0.015746
0.02143
0.017651
0.011278
0.022619
0.020607
0.02287
0.018473
0.027241
0.027025
0.020965
0.018406
0.024993
0.019561
0.023107
0.018723
0.014852
0.01109
0.014291
0.016419
0.016582
0.0091731
0.010669
0.0080993
0.009809
0.015362
0.015276
0.0099112
0.008982
0.0091091
0.015259
0.009392
0.032044
0.018416
0.024962
0.021471
0.031271
0.021761
0.022925
0.024499
0.018873
0.021127
0.020969
0.020374
0.021972
0.0079738
0.017764
0.019791
0.012784
0.0099531
0.0064465
0.014854
0.0099036
0.019904
0.02121
0.020203
0.016082
0.019991
0.0099342
0.0099522
0.018705
0.0068656
0.0060631
0.0015414
0.018021
0.026487
0.010255
0.016912
0.016437
0.0095746
0.0215
0.020118
0.0075868
0.008016
0.0096366
0.0086604
0.019436
0.0089062
0.0072429
0.0183
0.019813
0.022025
0.0077344
0.0082741
0.017275
0.017106
0.01686
0.0080688
0.0068909
0.0078551
0.0080106
0.0068826
0.0068527
0.0088377
0.0084017
0.0071779
0.0092082
0.015441
0.014424
0.015376
0.015738
0.013438
0.0077524
0.01028
0.0082181
0.010919
0.0077217
0.0087371
0.008699
0.0096268
0.0094925
0.0079586
0.0072591
0.009141
0.0085368
0.0088763
0.0096606
0.0082865
0.0090892
0.007936
0.012886
0.010964
0.010055
0.010625
0.014159
0.0099783
0.015267
0.013141
0.010175
0.011317
0.012179
0.0085861
0.0094027
0.012126
0.0089003
0.018327
0.012454
0.011793
0.013141
0.0095975
0.011639
0.010686
0.010713
0.01008
0.012122
0.012453
0.01166
0.012721
0.012427
0.013693
0.011074
0.011295
0.011727
0.010737
0.011105
0.011202
0.0085587
0.011385
0.014663
0.011962
0.0093751
0.018255
0.0077719
0.0144
0.011404
0.018201
0.010856
0.01305
0.016497
0.011345
0.020647
0.019185
0.02028
0.021531
0.021379
0.019387
0.013598
0.032251
0.024013
0.026981
0.020797
0.03083
0.032867
0.023979
0.031802
0.027872
0.032401
0.022874
0.019673
0.024956
0.017512
0.020639
0.016403
0.030605
0.030774
0.027266
0.02613
0.027045
0.029659
0.027359
0.028966
0.031486
0.029292
0.025954
0.027333
0.029
0.028129
0.028785
0.033218
0.029069
0.027889
0.028319
0.01788
0.015051
0.020495
0.017635
0.018121
0.015536
0.014396
0.015045
0.016247
0.013446
0.013225
0.014771
0.014037
0.011482
0.014864
0.011494
0.017464
0.016227
0.015228
0.034846
0.031374
0.032224
0.033821
0.027852
0.033973
0.035636
0.031552
0.035516
0.0332
0.027572
0.023227
0.030079
0.031518
0.032503
0.028061
0.032148
0.02658
0.028527
0.031254
0.012329
0.012808
0.011358
0.011007
0.0080462
0.010542
0.01188
0.010686
0.0083935
0.019325
0.033281
0.019438
0.032321
0.024158
0.027173
0.030643
0.031533
0.0077281
0.013099
0.011729
0.014095
0.0081443
0.01113
0.0092801
0.021617
0.025016
0.0098519
0.0099777
0.020427
0.025756
0.0085446
0.01163
0.009199
0.011062
0.018239
0.020917
0.019176
0.022693
0.015276
0.008818
0.0096593
0.0094069
0.0095299
0.01048
0.0078491
0.010769
0.0090747
0.011193
0.018042
0.0090637
0.011995
0.017207
0.014231
0.014304
0.011298
0.010787
0.0091498
0.0096885
0.014311
0.013686
0.014041
0.010552
0.010074
0.010917
0.011399
0.01158
0.011085
0.0096738
0.010219
0.011191
0.012066
0.011333
0.010022
0.010042
0.0079976
0.019981
0.011067
0.016667
0.019829
0.013037
0.010153
0.016228
0.020158
0.011356
0.022629
0.023577
0.010794
0.013028
0.020628
0.013726
0.019426
0.021134
0.0093271
0.016048
0.01756
0.023098
0.022975
0.024635
0.024402
0.027443
0.028119
0.026235
0.027569
0.024859
0.022966
0.027027
0.019391
0.020673
0.025154
0.0172
0.022287
0.01468
0.021044
0.022304
0.019869
0.02641
0.026494
0.027156
0.026736
0.028358
0.030163
0.029366
0.032966
0.033745
0.025569
0.017781
0.020078
0.029131
0.025733
0.028951
0.037409
0.036197
0.035684
0.030898
0.03576
0.032721
0.032226
0.035042
0.0245
0.030116
0.016478
0.032298
0.028192
0.024377
0.019627
0.018571
0.03925
0.038745
0.018516
0.036871
0.033694
0.016959
0.0345
0.026225
0.039814
0.037458
0.038288
0.044127
0.03363
0.033268
0.033573
0.032979
0.027803
0.022073
0.016033
0.0094321
0.010488
0.015673
0.013125
0.027681
0.027942
0.02396
0.028517
0.024722
0.010469
0.023081
0.018915
0.015129
0.020035
0.016555
0.011861
0.01484
0.011889
0.012116
0.012666
0.013614
0.012037
0.010386
0.010668
0.010678
0.011486
0.0093314
0.01316
0.010364
0.0082007
0.014276
0.020137
0.011712
0.021461
0.0093623
0.015361
0.0083831
0.018041
0.025518
0.014357
0.025832
0.026077
0.025572
0.018398
0.02265
0.026136
0.023646
0.018185
0.022123
0.020549
0.024205
0.024697
0.017168
0.022678
0.021677
0.01948
0.018079
0.020225
0.027897
0.036317
0.038905
0.036926
0.026805
0.036133
0.033681
0.02141
0.03109
0.03644
0.035588
0.028202
0.028531
0.034021
0.020016
0.018799
0.029437
0.021779
0.031991
0.013761
0.023665
0.02861
0.030921
0.016409
0.021021
0.024941
0.014106
0.01911
0.026156
0.025407
0.022957
0.028261
0.0112
0.029558
0.025898
0.023885
0.020665
0.024368
0.016666
0.025705
0.014536
0.027876
0.025109
0.017863
0.026545
0.027558
0.026443
0.014889
0.028586
0.015094
0.011152
0.02381
0.026993
0.017994
0.022991
0.026175
0.025443
0.02414
0.021948
0.026341
0.0254
0.016099
0.026995
0.024083
0.021446
0.027682
0.023833
0.014827
0.023183
0.028267
0.021541
0.026177
0.026857
0.029058
0.024206
0.02247
0.027035
0.027364
0.016183
0.026042
0.02407
0.024837
0.028104
0.025706
0.01859
0.027446
0.023538
0.02872
0.027168
0.022983
0.026014
0.0082448
0.0073739
0.0061749
0.0083689
0.0088854
0.010539
0.011549
0.0073411
0.0084222
0.0061815
0.008383
0.0076978
0.018459
0.017286
0.014727
0.020784
0.0051022
0.0075621
0.010412
0.0065537
0.0085652
0.0079283
0.0079474
0.0031661
0.0031582
0.018256
0.02261
0.0079971
0.0090545
0.0094814
0.010115
0.0074807
0.019005
0.016906
0.016
0.01437
0.0050593
0.0058123
0.007389
0.005117
0.0059275
0.0058367
0.0025483
0.0033994
0.0033493
0.0068663
0.010561
0.009263
0.0065678
0.011529
0.010243
0.011952
0.010673
0.013538
0.0038073
0.01462
0.015031
0.0083185
0.0090831
0.0034842
0.0078116
0.0093307
0.0061832
0.0055131
0.0070223
0.0058582
0.0083344
0.0025179
0.0040567
