0.018188
0.017601
0.020291
0.017138
0.014797
0.009915
0.01213
0.016437
0.019
0.018538
0.0084387
0.017342
0.016306
0.014028
0.011745
0.015022
0.015867
0.016555
0.014043
0.014802
0.011163
0.015752
0.016137
0.015308
0.015814
0.014559
0.021176
0.019604
0.012561
0.0213
0.012848
0.018991
0.011363
0.02236
0.021175
0.017647
0.028504
0.025685
0.022521
0.023099
0.027033
0.025876
0.026262
0.026937
0.014771
0.026615
0.0081518
0.025491
0.0089082
0.010142
0.012218
0.020523
0.02195
0.022806
0.023916
0.011545
0.023483
0.010213
0.025329
0.011696
0.027856
0.012626
0.023702
0.022006
0.013796
0.024208
0.020859
0.025276
0.025596
0.023619
0.02421
0.020555
0.024085
0.023979
0.025061
0.023135
0.022791
0.022106
0.014817
0.022626
0.020703
0.015036
0.020719
0.020632
0.020713
0.018722
0.019079
0.01965
0.020938
0.019947
0.019101
0.023964
0.0085753
0.020177
0.02318
0.023344
0.019489
0.01753
0.021592
0.014993
0.017942
0.01619
0.020696
0.01189
0.009116
0.019447
0.017669
0.017342
0.017901
0.021603
0.022342
0.021947
0.020342
0.022409
0.022339
0.026012
0.024326
0.013227
0.02307
0.025101
0.024471
0.020726
0.022263
0.0095128
0.022993
0.022429
0.02221
0.020507
0.016958
0.022208
0.02162
0.019744
0.022357
0.010079
0.019995
0.02112
0.019185
0.021542
0.02158
0.020379
0.01198
0.016199
0.02372
0.02044
0.018933
0.019446
0.015817
0.017945
0.022271
0.016867
0.01516
0.017368
0.017569
0.017776
0.017447
0.016972
0.016244
0.017955
0.018063
0.017003
0.017399
0.018018
0.016702
0.016595
0.012907
0.017786
0.017084
0.017475
0.015418
0.012663
0.018769
0.016671
0.013095
0.016833
0.01666
0.017864
0.019499
0.01913
0.020068
0.018561
0.018514
0.019545
0.0109
0.020701
0.018184
0.021045
0.009988
0.018312
0.019588
0.020151
0.017873
0.020636
0.017684
0.026517
0.023248
0.017221
0.019857
0.014289
0.024662
0.013949
0.011374
0.012974
0.009785
0.010328
0.016005
0.015818
0.015451
0.014409
0.014851
0.016545
0.014624
0.016117
0.014013
0.015522
0.01428
0.014493
0.015355
0.01547
0.016514
0.011619
0.016308
0.016316
0.018297
0.013976
0.019242
0.015067
0.013961
0.012632
0.013778
0.011553
0.0091375
0.0089925
0.011422
0.012927
0.0094631
0.016105
0.018947
0.014674
0.017643
0.018031
0.018438
0.017281
0.017051
0.019063
0.01702
0.01685
0.012463
0.017716
0.019917
0.021344
0.012981
0.013378
0.013979
0.015657
0.014425
0.012805
0.01107
0.0085337
0.018025
0.016498
0.016287
0.013134
0.014073
0.01391
0.012793
0.012554
0.012056
0.010817
0.025357
0.019255
0.01715
0.019331
0.014208
0.019649
0.013502
0.015751
0.0060972
0.0083243
0.016684
0.017406
0.01237
0.013597
0.013215
0.012546
0.012288
0.012857
0.011871
0.01149
0.0116
0.012377
0.012124
0.012154
0.011243
0.017536
0.0178
0.020273
0.016742
0.018367
0.01924
0.014079
0.01425
0.014588
0.010346
0.015935
0.018839
0.015116
0.01499
0.013769
0.016779
0.014184
0.018629
0.014974
0.013677
0.012274
0.015908
0.013257
0.012685
0.013735
0.011064
0.011405
0.012992
0.01377
0.012019
0.017318
0.017061
0.019295
0.015838
0.020593
0.018415
0.01532
0.016356
0.015604
0.015681
0.012698
0.019948
0.019036
0.017283
0.015237
0.016064
0.015184
0.014982
0.015071
0.013148
0.01401
0.022746
0.019052
0.018107
0.013327
0.016254
0.012993
0.01631
0.015475
0.016651
0.017162
0.016211
0.013164
0.010907
0.0155
0.014324
0.013466
0.013489
0.0097502
0.013902
0.013998
0.017641
0.019379
0.020465
0.019271
0.018606
0.017292
0.015554
0.020079
0.01974
0.019171
0.01706
0.012935
0.010203
0.021147
0.019042
0.011884
0.020528
0.01221
0.0086699
0.014996
0.01862
0.022778
0.018159
0.014512
0.014282
0.015002
0.012607
0.016288
0.0103
0.010999
0.014518
0.011918
0.0091489
0.013992
0.014
0.010564
0.014355
0.010877
0.016175
0.024231
0.01133
0.014764
0.015095
0.0089051
0.009366
0.01455
0.019208
0.0097461
0.012976
0.013352
0.010777
0.0071152
0.0088818
0.010184
0.011968
0.0080933
0.01036
0.0063227
0.0093546
0.0088669
0.0082832
0.01149
0.01373
0.010595
0.008795
0.011725
0.01132
0.012236
0.0078506
0.01161
0.0077825
0.013612
0.013754
0.014322
0.0109
0.0097744
0.010961
0.0090165
0.0088386
0.01288
0.0086103
0.0083498
0.0075536
0.010484
0.010254
0.010711
0.015575
0.018545
0.015193
0.018114
0.013809
0.010989
0.011298
0.012464
0.011435
0.011176
0.01029
0.0085404
0.009596
0.0093471
0.013457
0.013212
0.0068647
0.010364
0.0081193
0.0086481
0.011579
0.011515
0.011961
0.012128
0.013521
0.011382
0.014371
0.012532
0.012306
0.014197
0.013754
0.013492
0.012792
0.012723
0.015202
0.014125
0.012332
0.014365
0.013338
0.012194
0.012989
0.014954
0.012571
0.012426
0.011116
0.01219
0.015778
0.011094
0.012875
0.008378
0.013819
0.014495
0.015074
0.016046
0.012225
0.014188
0.014489
0.014936
0.020662
0.012198
0.011989
0.01322
0.017948
0.012571
0.01148
0.010634
0.013445
0.013059
0.011504
0.010393
0.011176
0.013612
0.0083315
0.0097242
0.0072871
0.010444
0.0095354
0.014569
0.012426
0.010065
0.011161
0.011257
0.0090989
0.0087039
0.0091273
0.0076967
0.0093421
0.012237
0.022107
0.021584
0.011555
0.021856
0.018005
0.022376
0.012534
0.024436
0.020135
0.024248
0.02212
0.015406
0.024283
0.009492
0.020457
0.022298
0.023417
0.021625
0.024976
0.0090097
0.0091952
0.025949
0.019463
0.026153
0.0091397
0.012169
0.012266
0.01215
0.011984
0.011284
0.013222
0.010561
0.01059
0.010574
0.010524
0.01124
0.0096288
0.0097093
0.01154
0.011734
0.012082
0.0081979
0.012284
0.010881
0.010025
0.0082372
0.0098931
0.010443
0.0092726
0.015933
0.015936
0.0088921
0.010836
0.014519
0.010181
0.011127
0.016772
0.015227
0.013886
0.010333
0.012224
0.0094972
0.013098
0.012897
0.012627
0.013402
0.014753
0.012483
0.01295
0.010594
0.0085223
0.0076312
0.012377
0.01107
0.013756
0.011148
0.011492
0.011904
0.010009
0.0090423
0.0067597
0.0080978
0.010838
0.01506
0.01831
0.019217
0.012773
0.01424
0.011829
0.014762
0.010554
0.011533
0.010903
0.011282
0.011427
0.012565
0.0075422
0.0091987
0.0070161
0.0072627
0.0071172
0.012318
0.01453
0.011455
0.008021
0.0099985
0.0089474
0.0087956
0.0067621
0.0069288
0.012261
0.0083457
0.0089012
0.0075453
0.007786
0.014211
0.012585
0.013023
0.012882
0.013782
0.012638
0.011648
0.01481
0.013044
0.013803
0.012526
0.00869
0.014428
0.011916
0.010159
0.013175
0.011997
0.010827
0.012995
0.012755
0.011161
0.015482
0.01278
0.012159
0.012145
0.013455
0.013249
0.010027
0.013302
0.010567
0.014387
0.015445
0.0099035
0.0094292
0.0089907
0.0087568
0.011988
0.0092428
0.008943
0.0077211
0.0078254
0.0094505
0.012589
0.014552
0.011317
0.011425
0.0086718
0.0086411
0.0077237
0.0089494
0.0082916
0.0080301
0.0085464
0.00903
0.0091264
0.0083827
0.0092937
0.0086079
0.010247
0.0099763
0.012838
0.012629
0.0092463
0.0079695
0.01121
0.0097618
0.01126
0.01324
0.012075
0.011905
0.01373
0.0099925
0.01157
0.010511
0.013562
0.014286
0.012357
0.010351
0.012432
0.012763
0.015385
0.013029
0.01309
0.014617
0.011982
0.016087
0.012921
0.014053
0.014549
0.011647
0.013124
0.013614
0.01305
0.014822
0.017025
0.015356
0.013043
0.013988
0.015412
0.012594
0.014455
0.012453
0.014064
0.013083
0.016891
0.0096757
0.01547
0.017027
0.017337
0.015594
0.012109
0.014925
0.01679
0.01497
0.014258
0.011572
0.013299
0.014479
0.0085667
0.010859
0.011208
0.013503
0.014051
0.0096252
0.01138
0.010491
0.0094896
0.0080617
0.010823
0.017495
0.01809
0.013802
0.018046
0.015746
0.017397
0.018586
0.016366
0.016787
0.015739
0.016665
0.015787
0.016373
0.014522
0.01835
0.016167
0.016357
0.014601
0.018854
0.017897
0.019717
0.017495
0.021944
0.02048
0.018264
0.017277
0.016174
0.020863
0.021208
0.021776
0.026581
0.026429
0.023446
0.023461
0.023812
0.022793
0.023906
0.026013
0.010939
0.010613
0.013969
0.012655
0.0097707
0.0086505
0.0097465
0.011414
0.0087964
0.011349
0.011407
0.016354
0.017226
0.010535
0.020889
0.024055
0.01167
0.0095172
0.010651
0.008067
0.011441
0.01056
0.0097529
0.0076152
0.010276
0.0083317
0.009701
0.0085944
0.0096167
0.010364
0.0081535
0.0087418
0.0088211
0.011019
0.0076245
0.0065733
0.0066376
0.012652
0.017782
0.015903
0.0067856
0.0090816
0.0086139
0.0086964
0.0066816
0.010741
0.013255
0.011335
0.011006
0.020001
0.015078
0.010816
0.010695
0.0078974
0.0074247
0.0072645
0.0068032
0.011141
0.0062744
0.011476
0.0090059
0.010904
0.013528
0.014658
0.013372
0.016875
0.014427
0.013061
0.017075
0.015574
0.01667
0.014493
0.018457
0.016993
0.012593
0.012249
0.010551
0.011504
0.01004
0.0097466
0.0085837
0.012148
0.014431
0.014129
0.016221
0.010263
0.013536
0.016197
0.015849
0.017391
0.014838
0.018537
0.0087593
0.015396
0.020482
0.015819
0.018551
0.0095631
0.010844
0.0089193
0.013108
0.014798
0.0093432
0.011944
0.0077255
0.00977
0.020049
0.019701
0.0092045
0.020138
0.010884
0.010464
0.0097671
0.015134
0.015562
0.014358
0.01418
0.01461
0.010538
0.0096656
0.011073
0.012079
0.011536
0.013106
0.013
0.014393
0.012172
0.013325
0.012858
0.013219
0.015339
0.011344
0.015729
0.014016
0.016249
0.014657
0.019946
0.008329
0.0098959
0.010566
0.014567
0.013559
0.011922
0.011621
0.010047
0.012982
0.012505
0.010912
0.0075817
0.009203
0.012718
0.010809
0.011375
0.011489
0.011402
0.014242
0.011406
0.011883
0.01348
0.0098124
0.01375
0.0083828
0.010219
0.012331
0.010914
0.014017
0.013906
0.0093214
0.011275
0.016079
0.016424
0.014018
0.010375
0.010921
0.011926
0.01253
0.0129
0.01593
0.015461
0.01519
0.015174
0.013345
0.014463
0.015853
0.013633
0.016696
0.014889
0.014205
0.014981
0.015606
0.014574
0.014408
0.015284
0.012889
0.013126
0.012921
0.013005
0.015
0.01565
0.013875
0.010765
0.015871
0.013545
0.014241
0.011803
0.0096096
0.0092941
0.0096413
0.0087941
0.0078584
0.0078653
0.0081823
0.0082113
0.011605
0.013153
0.009185
0.012006
0.014028
0.013185
0.0094012
0.012767
0.015472
0.0086262
0.0087483
0.0077834
0.0087178
0.0074882
0.010817
0.0082716
0.0094048
0.0076062
0.0093477
0.0081443
0.0075036
0.011803
0.0097605
0.01013
0.01028
0.011765
0.0090427
0.0080223
0.020151
0.011581
0.012776
0.014561
0.012425
0.0082931
0.010297
0.01349
0.012646
0.011395
0.012281
0.010756
0.013997
0.014112
0.012856
0.015254
0.009356
0.009589
0.0091784
0.0095085
0.011606
0.0095558
0.021397
0.013193
0.012365
0.010617
0.011874
0.011914
0.01045
0.0096862
0.0098901
0.008313
0.010735
0.0088789
0.0096417
0.0086277
0.010918
0.011495
0.011219
0.016696
0.016534
0.013704
0.010368
0.014631
0.011357
0.011525
0.012101
0.0098998
0.0098891
0.0091112
0.0089617
0.010016
0.0082698
0.010362
0.012631
0.010786
0.010336
0.011308
0.0093513
0.011116
0.0079403
0.0089134
0.0083161
0.0097032
0.0096333
0.01145
0.0085906
0.0097664
0.0090151
0.020177
0.0080997
0.0069805
0.013317
0.0088646
0.010328
0.0078536
0.0062722
0.0083368
0.0092168
0.010717
0.0090128
0.0092326
0.0095876
0.0084307
0.014069
0.013527
0.019337
0.016676
0.012928
0.016392
0.017702
0.014334
0.01525
0.014314
0.015069
0.011472
0.014187
0.011762
0.012553
0.0095525
0.010957
0.01125
0.0067463
0.0092015
0.0070745
0.0073151
0.0067149
0.0078553
0.0053908
0.0058346
0.012802
0.013728
0.013047
0.011539
0.011721
0.0091978
0.0069793
0.0086768
0.0069725
0.011382
0.010027
0.0092873
0.008831
0.0087539
0.0090505
0.01292
0.0095748
0.0083232
0.0089249
0.0083059
0.0087215
0.025176
0.019846
0.020874
0.016773
0.021774
0.025095
0.019709
0.021374
0.026134
0.024913
0.028074
0.023437
0.026254
0.021129
0.014919
0.024736
0.02365
0.020432
0.017038
0.015946
0.01967
0.017595
0.016819
0.012921
0.011449
0.017155
0.011516
0.024258
0.019539
0.018605
0.023453
0.023807
0.018417
0.019499
0.019056
0.017159
0.017616
0.018646
0.01894
0.019547
0.018814
0.015907
0.017181
0.016185
0.0161
0.015234
0.012021
0.012663
0.012647
0.016253
0.011407
0.011135
0.010737
0.011133
0.0097829
0.0099199
0.016148
0.013434
0.013088
0.011263
0.012473
0.0086427
0.010563
0.00769
0.011183
0.0098146
0.01023
0.010493
0.0099541
0.024267
0.027225
0.02917
0.028182
0.028501
0.02901
0.028489
0.029287
0.025936
0.028121
0.028808
0.025475
0.027072
0.026171
0.025344
0.020146
0.022743
0.026381
0.022109
0.024431
0.026744
0.024304
0.025942
0.022062
0.025635
0.026429
0.026339
0.027961
0.025152
0.027886
0.029234
0.022754
0.022842
0.020195
0.02923
0.022389
0.021062
0.019981
0.019914
0.022635
0.022126
0.017948
0.01646
0.017847
0.017418
0.015912
0.014845
0.017095
0.020113
0.018744
0.021724
0.015873
0.015503
0.017787
0.015335
0.015607
0.023908
0.020099
0.012012
0.014561
0.015542
0.016759
0.011674
0.017078
0.017949
0.017117
0.023047
0.016814
0.022777
0.023098
0.021339
0.019761
0.014533
0.023219
0.021139
0.019639
0.022825
0.024182
0.021402
0.020861
0.025215
0.018883
0.025092
0.019055
0.007595
0.0092693
0.0094008
0.0072168
0.011568
0.011814
0.010849
0.016075
0.010738
0.011389
0.011413
0.017646
0.019239
0.0088284
0.0052979
0.0090136
0.0091807
0.0069466
0.00775
0.010096
0.007761
0.006346
0.0087403
0.0080821
0.01157
0.0066246
0.0097891
0.0088197
0.0070649
0.0087439
0.0089607
0.0074681
0.0082674
0.020669
0.0086882
0.0087344
0.008336
0.0086326
0.0055557
0.013244
0.01149
0.010233
0.011491
0.0086206
0.0069491
0.010964
0.013094
0.011728
0.010964
0.013993
0.013557
0.01477
0.012333
0.010219
0.009535
0.010364
0.010694
0.0074824
0.0092819
0.012177
0.012171
0.0097133
0.0072331
0.01412
0.0091287
0.0086532
0.00012512
0.018694
0.019574
0.019891
0.019642
0.017227
0.015128
0.012594
0.018243
0.011413
0.013441
0.015854
0.0111
0.01108
0.011071
0.01099
0.012565
0.012663
0.012199
0.0097907
0.011704
0.01054
0.014109
0.012264
0.011866
0.012731
0.016452
0.011496
0.012629
0.0116
0.010831
0.011269
0.013006
0.012057
0.014081
0.010945
0.012439
0.015382
0.014713
0.014733
0.014326
0.013245
0.017317
0.01227
0.0095784
0.012896
0.011145
0.017627
0.012154
0.008901
0.012607
0.010912
0.010932
0.012801
0.011978
0.010686
0.01217
0.012984
0.011322
0.011222
0.017371
0.017247
0.014016
0.011811
0.008973
0.010908
0.014894
0.010008
0.010312
0.016439
0.011084
0.013462
0.015157
0.01359
0.014117
0.01504
0.014926
0.014311
0.014098
0.015833
0.014133
0.016634
0.015696
0.016449
0.014352
0.012891
0.01429
0.013898
0.013263
0.012584
0.0096798
0.013604
0.011029
0.015905
0.01724
0.014463
0.012735
0.012841
0.015911
0.011725
0.013037
0.010806
0.014855
0.011037
0.010501
0.014774
0.014092
0.014254
0.015309
0.015665
0.013955
0.014993
0.015991
0.016386
0.016095
0.016738
0.01544
0.015199
0.014858
0.01334
0.013223
0.010428
0.012506
0.011153
0.011841
0.01282
0.010498
0.010409
0.015992
0.010664
0.013805
0.012547
0.010063
0.012671
0.012008
0.012324
0.012449
0.014799
0.0143
0.01466
0.015727
0.014895
0.015344
0.011443
0.010781
0.010707
0.011197
0.010016
0.012223
0.011491
0.012721
0.009303
0.011102
0.01064
0.0095696
0.010855
0.011001
0.011921
0.012856
0.012003
0.014446
0.011986
0.014241
0.0098114
0.0069871
0.0082952
0.010769
0.022423
0.0086222
0.011361
0.014154
0.014249
0.015065
0.012744
0.014489
0.014226
0.016122
0.015239
0.017431
0.0091021
0.0082413
0.0064808
0.0094417
0.010117
0.01167
0.012193
0.0092105
0.012767
0.012094
0.01374
0.012886
0.0064522
0.0052632
0.006421
0.0066325
0.0064518
0.0046443
0.0086397
0.0061987
0.01067
0.0073501
0.01036
0.0076782
0.006752
0.0088511
0.013939
0.0087778
0.010291
0.009512
0.0090542
0.010044
0.0093193
0.0078447
0.010955
0.010344
0.0098987
0.010176
0.010719
0.01014
0.010186
0.019178
0.018231
0.016941
0.018381
0.020896
0.018758
0.016836
0.010889
0.017039
0.012885
0.012939
0.010756
0.008866
0.010329
0.0078059
0.0089608
0.010735
0.0079796
0.014115
0.0062518
0.0071479
0.011468
0.0062444
0.0064798
0.0092981
0.0068389
0.010584
0.0073227
0.0074942
0.0069686
0.0049363
0.0076974
0.0085031
0.0070594
0.0067824
0.011281
0.0064606
0.0080372
0.0055699
0.0072573
0.0077894
0.0058348
0.0092614
0.010769
0.0083059
0.0073242
0.0085774
0.011304
0.0095087
0.010689
0.010659
0.011507
0.010385
0.010867
0.010415
0.011094
0.0099831
0.0099614
0.008916
0.0079012
0.011204
0.01129
0.020584
0.018533
0.020805
0.025849
0.023131
0.0174
0.023799
0.01546
0.01919
0.017134
0.011844
0.017741
0.015003
0.0084988
0.012547
0.010209
0.012889
0.0087318
0.015981
0.014462
0.015996
0.01134
0.014905
0.012532
0.011074
0.0095373
0.008868
0.01203
0.0082725
0.0099648
0.0083113
0.0076094
0.0085741
0.0088291
0.01064
0.011855
0.014036
0.013266
0.011307
0.0092657
0.0097883
0.0077258
0.0141
0.0094137
0.010055
0.010923
0.0071355
0.007849
0.0087223
0.01105
0.010285
0.011953
0.02111
0.024649
0.018463
0.0223
0.025279
0.010958
0.011316
0.01575
0.022204
0.015857
0.02353
0.020022
0.022622
0.011267
0.025113
0.022393
0.018088
0.025586
0.018296
0.025628
0.021738
0.026075
0.017816
0.026946
0.02375
0.021193
0.020365
0.023734
0.0088431
0.0071499
0.011231
0.0086238
0.01451
0.0097157
0.012771
0.011317
0.012409
0.014006
0.01384
0.012959
0.012605
0.014272
0.012307
0.016312
0.01743
0.017363
0.021464
0.015645
0.016923
0
0.0079007
0.0099433
0.00798
0.0094404
0.0098671
0.0097611
0.010862
0.014143
0.011027
0.017425
0.012466
0.015163
0.018015
0.0083643
0.0095047
0.0084919
0.011136
0.0099155
0.007922
0.0073962
0.0069894
0.0079762
0.0096121
0.0089105
0.0090566
0.010297
0.011231
0.010042
0.011878
0.0098005
0.0098984
0.012549
0.0093451
0.011699
0.01068
0.01239
0.011207
0.011463
0.010737
0.01145
0.0098117
0.011531
0.0097405
0.010137
0.01008
0.011664
0.011926
0.011731
0.011122
0.013432
0.012967
0.0091133
0.010111
0.0099791
0.010195
0.012155
0.010764
0.010211
0.0098455
0.010115
0.010096
0.0085301
0.01078
0.010967
0.012379
0.0074196
0.0070207
0.010926
0.0077562
0.010554
0.012031
0.01073
0.011059
0.010962
0.012463
0.010842
0.010499
0.013343
0.012742
0.01217
0.014014
0.01189
0.011915
0.011602
0.012033
0.011252
0.012619
0.014266
0.012166
0.011799
0.011937
0.011161
0.0099761
0.01175
0.01108
0.013674
0.0094233
0.011898
0.015785
0.012567
0.012312
0.013613
0.012508
0.013455
0.010887
0.010893
0.01263
0.012272
0.014385
0.015666
0.014881
0.0082463
0.013878
0.013717
0.014375
0.014462
0.013297
0.013279
0.013109
0.012286
0.012093
0.011222
0.012061
0.012762
0.01823
0.019358
0.017404
0.016878
0.015371
0.016969
0.014598
0.016634
0.013252
0.01228
0.011024
0.011136
0.011359
0.010695
0.016031
0.017952
0.019908
0.017022
0.017996
0.018667
0.017793
0.01239
0.011656
0.011448
0.0096534
0.008011
0.0096541
0.0084519
0.014034
0.015775
0.014585
0.012704
0.014017
0.012122
0.012182
0.014964
0.0099829
0.010989
0.0082932
0.0086627
0.0099953
0.010399
0.011672
0.010554
0.014948
0.012456
0.016148
0.012171
0.017904
0.014952
0.010142
0.011735
0.013221
0.010063
0.0084051
0.009726
0.0094506
0.0090739
0.0074532
0.020778
0.019608
0.016296
0.020398
0.02079
0.01764
0.019115
0.018877
0.018459
0.019235
0.018511
0.01825
0.019789
0.016994
0.019737
0.016632
0.016821
0.016336
0.013684
0.014167
0.016525
0.014168
0.014865
0.01702
0.014061
0.016542
0.017638
0.016954
0.015018
0.012004
0.01652
0.014259
0.018388
0.01372
0.01705
0.012611
0.010608
0.01328
0.013773
0.017082
0.013886
0.0094505
0.013549
0.0068316
0.0091596
0.0086774
0.0079119
0.012537
0.013077
0.0056807
0.0079066
0.0076488
0.0051998
0.007405
0.0081182
0.0088839
0.00686
0.0061521
0.0070266
0.0066359
0.0069514
0.0063802
0.006832
0.006659
0.0076366
0.0063731
0.0066718
0.008014
0.0067626
0.0072919
0.0062455
0.0079613
0.0082166
0.0075137
0.0076667
0.0070279
0.0081206
0.0068739
0.0095283
0.0092378
0.0069294
0.0071301
0.0063679
0.007918
0.0079115
0.0069427
0.008565
0.0079076
0.0070853
0.0095793
0.011389
0.012311
0.011404
0.0090087
0.020136
0.020178
0.018639
0.019924
0.018586
0.017969
0.017984
0.016728
0.016585
0.016939
0.017576
0.015631
0.0128
0.014954
0.017234
0.010396
0.015645
0.015147
0.013082
0.010877
0.015501
0.011254
0.017011
0.013627
0.0084706
0.008993
0.017494
0.0087058
0.0085448
0.008705
0.0079311
0.0080541
0.007895
0.0073702
0.0093552
0.0099226
0.0095357
0.0080923
0.0078412
0.0074595
0.0070203
0.009412
0.0067685
0.0096687
0.0079021
0.0098382
0.0092021
0.0087937
0.0092364
0.007476
0.0093078
0.0090845
0.0069307
0.0080805
0.0089928
0.0090267
0.0084146
0.006447
0.0098697
0.010082
0.012693
0.01176
0.010506
0.010999
0.012312
0.011591
0.0079563
0.0096696
0.012787
0.010523
0.01293
0.012225
0.012552
0.013006
0.012533
0.013312
0.010078
0.012626
0.0094502
0.0097889
0.014156
0.0088622
0.011606
0.0088419
0.0098493
0.020119
0.022397
0.010922
0.021225
0.013907
0.025122
0.022481
0.01556
0.013581
0.021621
0.019663
0.023031
0.023866
0.022587
0.0087415
0.020758
0.023054
0.0151
0.023835
0.022738
0.022643
0.021215
0.0088922
0.011011
0.010516
0.012218
0.011969
0.013353
0.01334
0.018171
0.017218
0.016827
0.020506
0.016865
0.022542
0.020502
0.017689
0.023682
0.016263
0.018036
0.021189
0.022335
0.022979
0.018828
0.021316
0.015747
0.021009
0.010489
0.010143
0.010526
0.01325
0.013106
0.014128
0.012427
0.014052
0.013971
0.017204
0.014936
0.018319
0.010046
0.010547
0.011115
0.0092294
0.0098199
0.014503
0.010396
0.011194
0.013152
0.01345
0.013478
0.015851
0.013844
0.014211
0.01279
0.014458
0.011785
0.011501
0.013273
0.008222
0.011875
0.01268
0.015481
0.013947
0.013758
0.012281
0.015033
0.014382
0.014243
0.015103
0.013929
0.014899
0.014248
0.013132
0.011658
0.0094437
0.013064
0.011063
0.010718
0.01223
0.011885
0.012916
0.012576
0.012257
0.015108
0.015109
0.015525
0.012202
0.013707
0.01027
0.013068
0.01327
0.011383
0.01157
0.012901
0.0076274
0.013563
0.0084918
0.0075833
0.013172
0.013841
0.014108
0.013149
0.01833
0.013278
0.014875
0.011646
0.013554
0.013294
0.012237
0.0098245
0.01188
0.01143
0.011813
0.012959
0.012932
0.0134
0.0080607
0.0079227
0.0078346
0.014439
0.013182
0.015256
0.011536
0.0087751
0.013001
0.010288
0.012947
0.012578
0.013589
0.011739
0.013006
0.012904
0.011835
0.011376
0.009331
0.009109
0.0073916
0.009052
0.0096722
0.0067024
0.013957
0.015505
0.018236
0.012432
0.010837
0.010741
0.009998
0.011623
0.011987
0.013578
0.0077591
0.015142
0.013898
0.013469
0.013932
0.014661
0.012014
0.013459
0.014904
0.013175
0.014377
0.014848
0.017192
0.015219
0.014514
0.013486
0.013555
0.010749
0.016293
0.010467
0.013782
0.013728
0.013554
0.0084657
0.010725
0.01258
0.0074429
0.0083779
0.00864
0.0074756
0.0076187
0.0071131
0.015317
0.012455
0.014818
0.013503
0.013268
0.012877
0.017481
0.016851
0.0093343
0.012192
0.010072
0.010086
0.010938
0.011969
0.01022
0.011653
0.0095517
0.012653
0.011195
0.0090351
0.013169
0.0087924
0.0085327
0.011283
0.014943
0.010822
0.015263
0.0072597
0.0076144
0.0087637
0.0081065
0.014616
0.0125
0.015073
0.012429
0.01089
0.011689
0.010764
0.014329
0.0083534
0.0092603
0.0094018
0.0086666
0.012834
0.0091278
0.0098366
0.0093973
0.0093626
0.010108
0.010192
0.012062
0.010094
0.011551
0.0085881
0.011687
0.011034
0.0097601
0.011429
0.0087082
0.0053578
0.0061628
0.0075552
0.0044831
0.0053218
0.0057551
0.0061236
0.007086
0.0076589
0.0064074
0.0068863
0.0069834
0.0050739
0.0086411
0.0085559
0.0073955
0.0067433
0.0078603
0.0082658
0.0064921
0.0088953
0.0083316
0.0070265
0.006705
0.0066611
0.0067888
0.0083567
0.0078294
0.0087975
0.0079812
0.0073617
0.0068469
0.0071339
0.0070553
0.0069124
0.0059519
0.0074483
0.007037
0.008656
0.0075428
0.0073929
0.010531
0.0097153
0.009672
0.0070984
0.0076329
0.0087718
0.0097777
0.0085622
0.0099316
0.014186
0.013177
0.0091937
0.0091337
0.010842
0.010571
0.01209
0.010215
0.0090683
0.0077402
0.0087215
0.007168
0.0070043
0.010011
0.0077777
0.010857
0.0095008
0.0092544
0.01016
0.01102
0.0090994
0.017144
0.013694
0.01821
0.016629
0.012125
0.011172
0.018304
0.012296
0.015594
0.016097
0.017829
0.016174
0.014135
0.01107
0.010752
0.013822
0.015972
0.010706
0.012432
0.0082233
0.011817
0.0079699
0.0075458
0.0097541
0.0059962
0.0088449
0.0079692
0.0094813
0.0069181
0.0071778
0.0058174
0.0066129
0.0057346
0.0070277
0.0055987
0.0063077
0.0062452
0.0067594
0.0067448
0.0079485
0.0072225
0.0081679
0.007568
0.0078983
0.0081344
0.0074281
0.0080044
0.0089824
0.0072198
0.007616
0.0092867
0.0113
0.0076633
0.011022
0.0082059
0.010709
0.010607
0.0091822
0.0084575
0.0084831
0.0087396
0.008691
0.010999
0.0093973
0.014696
0.0097983
0.012347
0.012283
0.011936
0.015973
0.0076062
0.010514
0.013275
0.0080832
0.0082517
0.0089839
0.010208
0.0077877
0.0078735
0.00812
0.0087428
0.0093617
0.0079742
0.0084643
0.0087923
0.0080726
0.0096579
0.011198
0.010376
0.0097713
0.013734
0.014515
0.015554
0.014745
0.014157
0.016102
0.014984
0.013564
0.012984
0.011948
0.012479
0.013399
0.013817
0.011534
0.013863
0.011864
0.014306
0.01113
0.012705
0.012378
0.0099455
0.010401
0.0082239
0.0091361
0.011223
0.009158
0.0096072
0.010163
0.0093877
0.007815
0.0066395
0.0078602
0.0084433
0.0095857
0.0085063
0.0086943
0.0085854
0.0082827
0.0078476
0.0072671
0.010636
0.0081109
0.008281
0.009028
0.010829
0.0085482
0.0093986
0.0090174
0.0093147
0.010432
0.010445
0.010125
0.0090497
0.0089459
0.0094422
0.0086092
0.0098563
0.0084866
0.0061897
0.0093055
0.0079389
0.0086121
0.009732
0.0085248
0.008903
0.0089732
0.0076144
0.0079177
0.0095896
0.0079569
0.0087659
0.0072377
0.01092
0.008582
0.0086859
0.0092035
0.009668
0.010471
0.0090904
0.0092257
0.021277
0.0081498
0.0081751
0.022531
0.020958
0.0094998
0.010236
0.0099165
0.010878
0.010648
0.0094616
0.010238
0.010212
0.011816
0.011043
0.011358
0.013224
0.012659
0.010316
0.01172
0.011513
0.010077
0.01036
0.010802
0.01665
0.014158
0.013697
0.016817
0.021998
0.019841
0.020377
0.020386
0.018797
0.021028
0.021168
0.02149
0.021654
0.011172
0.014286
0.014857
0.017197
0.018027
0.020185
0.020041
0.018678
0.021936
0.021421
0.02204
0.019983
0.022337
0.015465
0.010665
0.014617
0.012743
0.012928
0.01325
0.011426
0.013732
0.014265
0.010816
0.014053
0.014758
0.011599
0.01277
0.014007
0.0147
0.012592
0.013024
0.013589
0.0082258
0.011022
0.01332
0.014685
0.014091
0.018134
0.01401
0.015428
0.010273
0.018229
0.020174
0.020359
0.019929
0.020476
0.019648
0.021403
0.013757
0.013064
0.011436
0.015375
0.015818
0.013025
0.012944
0.013745
0.011618
0.011549
0.010697
0.01052
0.012544
0.0085258
0.0068538
0.01286
0.0088932
0.0092652
0.0081076
0.012063
0.014494
0.0092562
0.010289
0.014323
0.010424
0.010809
0.01464
0.011432
0.0060617
0.007044
0.012301
0.011652
0.014606
0.012757
0.016143
0.012584
0.015553
0.02076
0.020096
0.019833
0.016298
0.017475
0.017758
0.017585
0.018394
0.019244
0.021529
0.015651
0.012894
0.012661
0.014068
0.011709
0.011315
0.01112
0.010736
0.010783
0.013078
0.011851
0.0092265
0.012465
0.012388
0.010777
0.015888
0.0098019
0.014082
0.010947
0.013091
0.014005
0.013664
0.0074323
0.0099778
0.0053964
0.0057174
0.0064036
0.0088071
0.008163
0.013152
0.012509
0.012929
0.013307
0.012571
0.014258
0.015845
0.014304
0.018162
0.017919
0.016706
0.017182
0.016267
0.01574
0.016398
0.017285
0.018937
0.016038
0.018277
0.019245
0.018752
0.013284
0.014454
0.0071227
0.014595
0.01623
0.014555
0.014495
0.01537
0.01331
0.013467
0.012247
0.013727
0.013712
0.012857
0.014937
0.01547
0.015037
0.012613
0.013424
0.015174
0.014652
0.0091779
0.012142
0.0084046
0.0080796
0.0074162
0.0079371
0.0097346
0.0096895
0.0078615
0.0105
0.0090197
0.010809
0.010727
0.010177
0.0098704
0.010769
0.0079894
0.0066805
0.010937
0.020873
0.014929
0.015363
0.014496
0.018676
0.012448
0.012229
0.012997
0.012602
0.012758
0.014427
0.014913
0.016427
0.012514
0.0178
0.017165
0.017342
0.019563
0.019299
0.01787
0.019711
0.014152
0.018142
0.016004
0.014298
0.0156
0.010664
0.014294
0.016893
0.01336
0.0099085
0.011907
0.011777
0.0080307
0.0077206
0.0079713
0.010549
0.01078
0.010556
0.0090095
0.010334
0.0096718
0.010007
0.0071069
0.0073003
0.007638
0.0095441
0.0079428
0.007805
0.0068626
0.011305
0.0097826
0.01019
0.0080143
0.0088177
0.0091722
0.010257
0.0092483
0.0059493
0.0076594
0.0060741
0.0094725
0.0073141
0.013977
0.009862
0.02082
0.017292
0.019202
0.020621
0.020794
0.019585
0.013954
0.015283
0.012097
0.012011
0.013835
0.0149
0.017553
0.0167
0.016716
0.018537
0.013262
0.012108
0.013606
0.014984
0.017646
0.018511
0.016968
0.018777
0.019235
0.019186
0.019565
0.019891
0.011062
0.0093805
0.0076123
0.0069834
0.0090495
0.0076437
0.0070922
0.0091167
0.0081155
0.009406
0.0063638
0.0059733
0.0076932
0.0076325
0.010718
0.007289
0.008592
0.0098753
0.0062024
0.0078735
0.0085733
0.0085527
0.01156
0.0096568
0.0075297
0.012546
0.010645
0.0075743
0.0068432
0.0085377
0.011457
0.0095043
0.0077737
0.01111
0.0088764
0.0082429
0.007831
0.0056523
0.0082831
0.0055825
0.0055016
0.0067821
0.0066398
0.0085975
0.0071976
0.010518
0.009271
0.009515
0.0081932
0.011477
0.011071
0.0095505
0.01148
0.0079912
0.01296
0.013917
0.010545
0.01446
0.0144
0.014303
0.0099032
0.0097429
0.012626
0.0095176
0.014921
0.011425
0.01593
0.014124
0.015593
0.018554
0.01859
0.011659
0.016888
0.012527
0.012418
0.012335
0.012963
0.012036
0.012479
0.014247
0.014404
0.015772
0.020618
0.010215
0.012471
0.018747
0.014077
0.016666
0.017069
0.016551
0.017169
0.018081
0.01775
0.017043
0.019769
0.019525
0.008334
0.0070298
0.0069436
0.0079562
0.0092859
0.010003
0.011039
0.011479
0.010518
0.010862
0.012176
0.014351
0.013621
0.011574
0.012691
0.013106
0.013632
0.015441
0.014646
0.015535
0.017113
0.015902
0.017604
0.0079431
0.00956
0.01198
0.012858
0.012103
0.011217
0.010371
0.010856
0.011133
0.013578
0.010121
0.0097938
0.010412
0.010633
0.010265
0.0089488
0.0095616
0.0099237
0.0091547
0.0073159
0.018235
0.0097426
0.010279
0.0085375
0.0081595
0.010795
0.010153
0.0088225
0.0094294
0.010981
0.0086003
0.009442
0.014368
0.0095616
0.015585
0.010482
0.013306
0.01259
0.012804
0.011794
0.0096836
0.011517
0.011949
0.016095
0.011256
0.013043
0.01783
0.021515
0.021927
0.01955
0.022872
0.022978
0.022213
0.024502
0.023916
0.020531
0.021145
0.018562
0.024931
0.020889
0.018037
0.018937
0.020728
0.015945
0.014801
0.010445
0.010429
0.011299
0.0073841
0.0079904
0.0084387
0.0075828
0.0099742
0.00751
0.010487
0.013964
0.0086161
0.011817
0.010845
0.013333
0.014034
0.013182
0.011732
0.012331
0.012476
0.012371
0.01427
0.014581
0.0099991
0.014559
0.010531
0.013417
0.015436
0.019468
0.012141
0.017311
0.021722
0.021815
0.024469
0.02354
0.024405
0.017828
0.012812
0.022059
0.024303
0.024289
0.025061
0.025272
0.023205
0.019846
0.021508
0.017466
0.016616
0.020851
0.0074874
0.0088017
0.0096664
0.0098755
0.0085408
0.0089313
0.0091205
0.0092664
0.0077672
0.0093898
0.0086472
0.010643
0.011376
0.012652
0.010258
0.0089395
0.013361
0.014535
0.011792
0.013636
0.011624
0.012769
0.013735
0.013114
0.01208
0.01132
0.011575
0.011876
0.012495
0.0097059
0.0099155
0.0098273
0.01055
0.01129
0.010172
0.010741
0.00957
0.011032
0.0087761
0.010112
0.009364
0.0094847
0.011034
0.010564
0.011012
0.010201
0.012465
0.01268
0.010896
0.018036
0.011728
0.013311
0.015663
0.022132
0.016521
0.019971
0.023394
0.022667
0.024457
0.021523
0.023529
0.0087008
0.0078098
0.0079797
0.0069726
0.0088606
0.0079802
0.011493
0.0094095
0.0099181
0.008935
0.0093339
0.0077183
0.010304
0.0083359
0.0091129
0.0097464
0.011329
0.011588
0.010262
0.0083674
0.011529
0.0075031
0.0090483
0.011849
0.0084634
0.011344
0.011288
0.011333
0.012106
0.0098085
0.010956
0.011029
0.010605
0.010265
0.0099235
0.010014
0.011167
0.010786
0.012658
0.011389
0.013834
0.010125
0.013462
0.013309
0.010489
0.011844
0.012578
0.011779
0.010531
0.011015
0.010367
0.012309
0.012097
0.010615
0.012344
0.012699
0.011717
0.011105
0.01179
0.0096138
0.0082611
0.0088182
0.012355
0.0098678
0.010112
0.011267
0.010736
0.010334
0.012801
0.010499
0.011913
0.01062
0.012823
0.013476
0.0121
0.0077297
0.0081797
0.010617
0.0089381
0.0074381
0.0077785
0.010278
0.0094243
0.0098566
0.0081452
0.0076369
0.01291
0.014592
0.01328
0.013755
0.010229
0.013898
0.014694
0.012867
0.015126
0.015231
0.015011
0.014779
0.01393
0.015458
0.014223
0.015555
0.016117
0.015837
0.014051
0.014744
0.014929
0.0069444
0.010377
0.0096392
0.0083405
0.0098708
0.010086
0.010433
0.0097559
0.0091995
0.0093871
0.010633
0.0084943
0.0094763
0.012175
0.010473
0.0094586
0.0099322
0.0099191
0.0089767
0.010459
0.0096009
0.0099069
0.0088331
0.0098378
0.011463
0.010506
0.010859
0.0066744
0.010886
0.01
0.010086
0.008884
0.0083655
0.0079587
0.0070564
0.011172
0.012109
0.012188
0.01163
0.010658
0.0112
0.012613
0.012499
0.011593
0.014414
0.012786
0.013517
0.010378
0.010264
0.0098622
0.010399
0.0097306
0.009666
0.010409
0.0086743
0.010019
0.0094686
0.010469
0.011113
0.012477
0.0096722
0.009504
0.0090822
0.011234
0.011623
0.011008
0.010594
0.010918
0.011103
0.011062
0.011138
0.0093969
0.010829
0.01118
0.0094174
0.0091647
0.010231
0.0086878
0.0096483
0.0098847
0.011971
0.0089686
0.013098
0.0094978
0.013838
0.012493
0.0084557
0.013417
0.0077014
0.0079945
0.0092575
0.010814
0.011555
0.0095331
0.0096056
0.010456
0.0064557
0.0083029
0.013158
0.0089848
0.0067187
0.0098542
0.012061
0.0082203
0.0090291
0.008728
0.0092063
0.013408
0.010868
0.011859
0.0067921
0.0074882
0.0069147
0.0075167
0.0074082
0.0066673
0.0066539
0.0074235
0.0088609
0.0093686
0.0082269
0.007627
0.0074455
0.0097811
0.010043
0.0075345
0.0079862
0.0096031
0.008015
0.010754
0.0068529
0.0091384
0.010738
0.012387
0.013385
0.008175
0.0088845
0.0080411
0.011204
0.011273
0.010469
0.01076
0.010006
0.011522
0.010735
0.011093
0.011313
0.012281
0.0097701
0.010588
0.008853
0.0089175
0.011115
0.0079843
0.009761
0.011831
0.011371
0.0096777
0.010287
0.013228
0.011687
0.0096066
0.0099347
0.0095401
0.0081083
0.0086352
0.0093818
0.009767
0.0082148
0.0093445
0.0091894
0.0086085
0.0083944
0.0084806
0.010294
0.010737
0.0089448
0.0076394
0.01096
0.010028
0.0099047
0.0086505
0.011973
0.010393
0.0071926
0.010953
0.011321
0.010454
0.010915
0.013471
0.014629
0.015202
0.016188
0.013163
0.02041
0.016713
0.019221
0.01061
0.0092195
0.011142
0.0088157
0.010206
0.01114
0.0088409
0.0089732
0.0083139
0.0089354
0.010393
0.0099561
0.0091245
0.0096596
0.015076
0.011995
0.0091483
0.012146
0.009841
0.0089508
0.013886
0.013856
0.0099759
0.014061
0.010061
0.013688
0.013335
0.012924
0.0099668
0.012114
0.013469
0.016246
0.012887
0.016939
0.015065
0.014951
0.015643
0.017671
0.01787
0.017259
0.018682
0.019781
0.018356
0.017459
0.0088645
0.008794
0.0087228
0.0098957
0.0089572
0.01097
0.009703
0.012373
0.015771
0.014586
0.012479
0.017601
0.017219
0.01629
0.015458
0.017554
0.01365
0.017809
0.017145
0.021401
0.017367
0.015633
0.018795
0.01919
0.019263
0.018078
0.0087216
0.0084728
0.0076299
0.0088579
0.0098357
0.0096839
0.009239
0.010129
0.011338
0.010395
0.012091
0.012128
0.011408
0.012236
0.010767
0.011293
0.016394
0.019056
0.017076
0.016948
0.016603
0.015278
0.017039
0.016494
0.019561
0.018103
0.013268
0.014782
0.021074
0.013114
0.017452
0.013167
0.012751
0.014155
0.021533
0.02155
0.020142
0.021345
0.023222
0.021912
0.021561
0.020621
0.017728
0.018073
0.017773
0.017805
0.019731
0.018031
0.017689
0.010991
0.012585
0.015316
0.015135
0.013777
0.013212
0.011844
0.011057
0.013483
0.014042
0.013336
0.011211
0.011111
0.010547
0.011699
0.011492
0.011663
0.013583
0.011992
0.010358
0.012577
0.014212
0.011486
0.01214
0.015505
0.013059
0.01511
0.017198
0.014292
0.018178
0.01755
0.010884
0.011362
0.012826
0.018463
0.014216
0.016947
0.014594
0.018457
0.018696
0.019518
0.019533
0.020318
0.018749
0.022328
0.020774
0.021696
0.022183
0.021854
0.020851
0.023052
0.020548
0.021655
0.018208
0.019771
0.021867
0.019124
0.019612
0.023043
0.023023
0.020487
0.017679
0.017626
0.019277
0.018365
0.019812
0.018836
0.019817
0.020245
0.016779
0.014827
0.018459
0.013047
0.01708
0.017144
0.018707
0.01784
0.015656
0.010534
0.011304
0.012546
0.01237
0.011759
0.013317
0.013445
0.011452
0.011729
0.013669
0.011963
0.014344
0.011138
0.011037
0.010439
0.0106
0.015325
0.021218
0.015998
0.017509
0.018716
0.022278
0.01261
0.014211
0.013844
0.017764
0.016713
0.016608
0.019476
0.015375
0.018225
0.019757
0.019642
0.020119
0.015286
0.016864
0.016114
0.015605
0.018437
0.023358
0.020803
0.012642
0.014542
0.012867
0.013841
0.021825
0.017261
0.00885
0.010732
0.010883
0.011118
0.0096525
0.0091256
0.010244
0.0096654
0.0084914
0.010019
0.01073
0.010183
0.011103
0.01003
0.010295
0.010712
0.011139
0.010927
0.010355
0.010254
0.010867
0.011017
0.011321
0.011247
0.013023
0.010921
0.010548
0.0092468
0.010885
0.011584
0.01151
0.010955
0.012149
0.01231
0.014075
0.0098814
0.012497
0.011508
0.010693
0.017287
0.01497
0.012454
0.018385
0.023233
0.017959
0.014945
0.013068
0.017197
0.02023
0.02043
0.021361
0.023335
0.021238
0.022283
0.023513
0.021853
0.020797
0.01263
0.0084941
0.010208
0.0096467
0.0093616
0.011147
0.011679
0.010611
0.012738
0.01146
0.011146
0.0090869
0.0096128
0.0097113
0.0099689
0.010364
0.010402
0.010923
0.011066
0.010229
0.010143
0.010172
0.010452
0.011336
0.012403
0.0096789
0.009928
0.021689
0.012158
0.011371
0.011491
0.010831
0.011545
0.011734
0.0097111
0.0097068
0.010786
0.01357
0.012555
0.0078197
0.010068
0.0078567
0.0083921
0.012962
0.012595
0.013033
0.014284
0.013661
0.014419
0.013156
0.013662
0.013676
0.013429
0.015051
0.013608
0.014844
0.013263
0.013813
0.012893
0.01275
0.0084963
0.0091349
0.0069798
0.0088864
0.009241
0.014622
0.014354
0.012752
0.015451
0.01433
0.014893
0.014042
0.01376
0.014326
0.013532
0.013684
0.013103
0.012903
0.012746
0.014282
0.0077157
0.0075807
0.0091328
0.0072732
0.0078892
0.0088112
0.011037
0.0089122
0.011787
0.01327
0.012113
0.012325
0.012095
0.010463
0.013349
0.013098
0.013135
0.010644
0.011135
0.0098642
0.011675
0.0087916
0.0082178
0.0069463
0.0077013
0.007468
0.0079052
0.0067051
0.0081341
0.0094474
0.0086344
0.010426
0.010272
0.0097529
0.0086389
0.009846
0.0085742
0.0096272
0.010645
0.0096904
0.0089649
0.0098607
0.010851
0.0097664
0.010188
0.011829
0.012033
0.012993
0.0097718
0.0078853
0.0088446
0.0093839
0.010041
0.008645
0.0087473
0.0091036
0.0083979
0.0090476
0.010073
0.01158
0.01145
0.009128
0.0091275
0.0080283
0.0099468
0.011713
0.014036
0.0099063
0.0090384
0.0096835
0.0096572
0.0083748
0.0092836
0.0096603
0.0097953
0.010609
0.01165
0.0087745
0.0092456
0.010959
0.0094456
0.0083449
0.011707
0.010476
0.0093769
0.010704
0.010015
0.010829
0.0093275
0.011839
0.011881
0.011723
0.01331
0.012093
0.012703
0.013463
0.010725
0.013743
0.011895
0.012863
0.013266
0.011258
0.012888
0.011949
0.013303
0.01295
0.011953
0.01383
0.011497
0.011454
0.0096029
0.012155
0.015116
0.011986
0.013591
0.014793
0.014765
0.014555
0.0136
0.010959
0.011664
0.012138
0.011191
0.011287
0.011349
0.012296
0.014003
0.01597
0.015862
0.014806
0.015163
0.014658
0.019178
0.015149
0.016452
0.016209
0.014668
0.013213
0.016432
0.014174
0.012309
0.01238
0.012714
0.011718
0.0123
0.012119
0.011659
0.012193
0.011576
0.01354
0.011385
0.012367
0.011534
0.014029
0.014119
0.019653
0.020059
0.019998
0.019105
0.018109
0.018341
0.017283
0.019652
0.018868
0.016646
0.016863
0.01578
0.021017
0.019671
0.022948
0.018555
0.018483
0.019888
0.017728
0.017723
0.018162
0.018329
0.018369
0.020275
0.019238
0.019121
0.012473
0.012584
0.013658
0.011591
0.011657
0.014278
0.01503
0.014501
0.01425
0.015254
0.018151
0.017845
0.016066
0.014359
0.015368
0.013953
0.016568
0.017729
0.016807
0.019143
0.01614
0.015078
0.018422
0.017375
0.019863
0.015243
0.01479
0.017488
0.014926
0.020144
0.013912
0.015109
0.017884
0.022373
0.017828
0.019027
0.021888
0.018041
0.017638
0.022648
0.021349
0.022139
0.020134
0.021901
0.021915
0.017088
0.019707
0.023753
0.013867
0.013989
0.019928
0.01996
0.011697
0.01471
0.010618
0.014215
0.016672
0.01517
0.015873
0.019412
0.019466
0.019395
0.013655
0.012507
0.014275
0.01331
0.016703
0.016542
0.018628
0.016517
0.017486
0.018257
0.014767
0.017504
0.018551
0.019951
0.020498
0.020614
0.022278
0.021632
0.021925
0.017788
0.021379
0.020023
0.018089
0.023326
0.02368
0.022385
0.022321
0.010988
0.010353
0.0099484
0.0094393
0.0066538
0.0099651
0.01112
0.0070884
0.010341
0.0093298
0.0085546
0.0093182
0.010822
0.0088736
0.010297
0.0092609
0.011087
0.011919
0.010571
0.01358
0.010491
0.004799
0.011269
0.010498
0.011249
0.0043091
0.0068451
0.012723
0.013386
0.011525
0.011947
0.011014
0.010684
0.0074536
0.0083253
0.0037774
0.011847
0.0085164
0.007664
0.011433
0.0086108
0.01104
0.0086956
0.0079637
0.014121
0.012333
0.012553
0.010676
0.0086226
0.009698
0.014554
0.012391
0.0092392
0.0091706
0.0098299
0.0097963
0.012497
0.012919
0.012791
0.012598
0.012477
0.011439
0.011358
0.010152
0.012672
0.011359
0.013799
0.012315
0.011552
0.01091
0.011336
0.012942
0.014597
0.010287
0.011468
0.010031
0.014766
0.010937
0.011047
0.01292
0.0091944
0.011642
0.012856
0.010264
0.010514
0.011242
0.012578
0.012239
0.0094292
0.010427
0.0093752
0.012662
0.014309
0.011887
0.011678
0.013182
0.012542
0.012742
0.01323
0.012812
0.0091965
0.011071
0.013147
0.012857
0.0090805
0.009575
0.011401
0.011966
0.013407
0.011712
0.011995
0.013159
0.014318
0.013451
0.011926
0.012634
0.011562
0.011254
0.012265
0.014896
0.011296
0.012465
0.011545
0.012065
0.013607
0.012566
0.011966
0.012085
0.012029
0.013275
0.010223
0.011257
0.010446
0.0094152
0.0087945
0.012576
0.011751
0.0112
0.0097553
0.0085813
0.012651
0.010666
0.011677
0.0093929
0.01071
0.011625
0.0098952
0.0095654
0.013197
0.012106
0.012427
0.014097
0.01348
0.01387
0.013245
0.014267
0.01511
0.013098
0.015157
0.011598
0.010282
0.010658
0.010751
0.010469
0.010999
0.008528
0.012517
0.011752
0.014439
0.010979
0.013144
0.012341
0.01371
0.012126
0.012394
0.013304
0.018092
0.01281
0.011381
0.013743
0.011699
0.011161
0.013544
0.011107
0.013413
0.016833
0.015202
0.021426
0.017206
0.020321
0.015245
0.024826
0.025837
0.017958
0.025126
0.025494
0.02554
0.02144
0.021632
0.01065
0.012091
0.018003
0.016085
0.017409
0.016467
0.021614
0.015641
0.020482
0.014774
0.011821
0.01221
0.012221
0.011451
0.013027
0.012157
0.012642
0.022688
0.02063
0.02204
0.023887
0.024834
0.02323
0.025166
0.025496
0.024802
0.022595
0.022244
0.020128
0.0084839
0.018704
0.020118
0.022564
0.010043
0.019107
0.019979
0.020962
0.019084
0.018657
0.015686
0.015387
0.0178
0.018715
0.01815
0.018929
0.014299
0.018836
0.01225
0.011192
0.013741
0.017568
0.010075
0.010238
0.0089372
0.012549
0.012586
0.010954
0.011092
0.011186
0.012742
0.011186
0.012567
0.010568
0.011596
0.011573
0.012031
0.012282
0.012867
0.0097104
0.011033
0.010753
0.010871
0.0069249
0.010821
0.011594
0.010109
0.010061
0.010234
0.010745
0.0063873
0.0068321
0.0093102
0.0086932
0.0093922
0.01009
0.010395
0.010386
0.0080679
0.0060576
0.0067282
0.0064839
0.0068653
0.0062843
0.0094621
0.010658
0.0093074
0.010708
0.010017
0.0058015
0.012952
0.012855
0.012333
0.0083124
0.0094385
0.01057
0.010841
0.012803
0.013177
0.012353
0.012263
0.012176
0.013717
0.011976
0.013902
0.013071
0.012939
0.011615
0.013394
0.014771
0.013231
0.012671
0.010034
0.013046
0.012708
0.012547
0.01412
0.012571
0.011735
0.012947
0.012183
0.012853
0.014614
0.01381
0.015149
0.012557
0.0094106
0.014584
0.013649
0.012917
0.013779
0.013631
0.013345
0.012673
0.013141
0.01221
0.0098814
0.014404
0.010785
0.011547
0.011306
0.0099627
0.01342
0.013782
0.013103
0.013104
0.013376
0.014453
0.012853
0.015846
0.014263
0.014332
0.010604
0.011422
0.011328
0.010718
0.010942
0.012018
0.012757
0.011416
0.012039
0.01387
0.015564
0.014682
0.014388
0.014437
0.016687
0.014386
0.015933
0.01071
0.01059
0.010975
0.011477
0.011282
0.013244
0.011479
0.011467
0.013238
0.01443
0.014449
0.016567
0.013332
0.015289
0.013049
0.015611
0.017267
0.017354
0.017184
0.013208
0.015344
0.017037
0.016118
0.0147
0.018963
0.021704
0.019489
0.014245
0.011673
0.01069
0.014772
0.02346
0.014856
0.014072
0.022878
0.018388
0.01912
0.022199
0.020914
0.021567
0.026005
0.022636
0.018838
0.01657
0.019257
0.021003
0.020583
0.019632
0.026187
0.017012
0.019687
0.020258
0.024171
0.020583
0.025896
0.020164
0.021367
0.016574
0.024781
0.025036
0.023814
0.021087
0.024293
0.024533
0.012566
0.0098541
0.013122
0.012333
0.013313
0.012329
0.012334
0.011579
0.012326
0.014917
0.014252
0.011542
0.011306
0.010891
0.013537
0.01222
0.0172
0.014616
0.010906
0.013174
0.010989
0.0087356
0.0094921
0.0087873
0.0094395
0.0098896
0.0097316
0.0085413
0.0098511
0.0091565
0.0093528
0.010697
0.0094642
0.012918
0.0095843
0.0095276
0.011464
0.0076112
0.009082
0.012015
0.010583
0.011711
0.011801
0.011673
0.010967
0.010803
0.0076706
0.0062471
0.0099962
0.0084946
0.013065
0.011408
0.010593
0.010488
0.011799
0.0090184
0.0086183
0.0093684
0.010724
0.010858
0.010514
0.010826
0.013898
0.013629
0.018361
0.01928
0.021202
0.013871
0.013253
0.013056
0.011048
0.0094182
0.01001
0.011649
0.012988
0.0098534
0.0085828
0.0081461
0.013883
0.01598
0.01722
0.018914
0.02086
0.020707
0.014988
0.015089
0.014717
0.013771
0.012158
0.013155
0.014748
0.013332
0.015877
0.015918
0.012261
0.012124
0.015261
0.01798
0.019755
0.019535
0.018494
0.015593
0.017048
0.016558
0.018522
0.018428
0.010323
0.012729
0.016747
0.013824
0.014991
0.014423
0.016493
0.01467
0.014352
0.016199
0.01389
0.014526
0.014829
0.0156
0.014883
0.015206
0.01822
0.015494
0.016007
0.0172
0.018113
0.012076
0.014597
0.012732
0.01634
0.015399
0.01489
0.016187
0.014287
0.014387
0.016261
0.014934
0.015953
0.015634
0.01616
0.015297
0.015694
0.015118
0.012095
0.015573
0.015894
0.015363
0.015152
0.014227
0.018203
0.018768
0.015439
0.01695
0.015209
0.014749
0.014839
0.017648
0.016779
0.016278
0.018529
0.020689
0.019545
0.019454
0.01417
0.013664
0.015465
0.016922
0.016423
0.015806
0.016402
0.015751
0.01361
0.016961
0.017621
0.019347
0.017291
0.017374
0.020187
0.020926
0.012505
0.016186
0.018509
0.021406
0.020889
0.020166
0.021087
0.01284
0.015743
0.013113
0.016064
0.016396
0.016759
0.0098723
0.011606
0.012079
0.016454
0.014302
0.018243
0.023033
0.023498
0.017068
0.018366
0.019036
0.020565
0.023873
0.019665
0.023237
0.023585
0.021815
0.025457
0.012752
0.01221
0.012671
0.013472
0.013813
0.014583
0.012196
0.010996
0.014627
0.015741
0.018013
0.019765
0.018336
0.017497
0.022117
0.012257
0.021008
0.02168
0.022203
0.024043
0.024497
0.011161
0.0096558
0.011898
0.014139
0.014519
0.017523
0.017954
0.017163
0.021431
0.020546
0.02105
0.012371
0.014426
0.018962
0.018155
0.020239
0.020844
0.019394
0.014991
0.017056
0.0080021
0.0086319
0.0090935
0.01083
0.010148
0.014793
0.010385
0.0089659
0.011523
0.0091251
0.0095692
0.0071198
0.0082693
0.011739
0.011925
0.0085013
0.011447
0.01001
0.015645
0.012418
0.026845
0.023084
0.0086847
0.0089049
0.013201
0.0096886
0.011897
0.012199
0.0087846
0.0078784
0.0066249
0.0067826
0.0074771
0.010326
0.011599
0.0067673
0.016051
0.013516
0.012783
0.014329
0.01233
0.01872
0.019067
0.0097648
0.015782
0.016429
0.017074
0.026336
0.028444
0.0091347
0.008826
0.01124
0.017382
0.010027
0.013914
0.01422
0.014371
0.014856
0.01532
0.013502
0.0099081
0.014906
0.011077
0.013433
0.010952
0.01884
0.0077011
0.013572
0.014759
0.014423
0.012882
0.013515
0.011908
0.011658
0.013737
0.012774
0.016412
0.015889
0.011146
0.013904
0.016923
0.017581
0.014916
0.017321
