0.0099845
0.010672
0.01243
0.011013
0.011593
0.014754
0.0085857
0.011311
0.0093751
0.01242
0.013949
0.012218
0.015978
0.013181
0.012639
0.011462
0.010929
0.011771
0.014341
0.010471
0.0083382
0.016607
0.011474
0.013238
0.015391
0.0069621
0.0097401
0.013764
0.015303
0.01491
0.011627
0.015407
0.014587
0.014135
0.010997
0.012378
0.013577
0.012838
0.013688
0.0066382
0.018709
0.015638
0.011148
0.01112
0.010607
0.0055096
0.009974
0.008907
0.010996
0.01213
0.0090723
0.0099863
0.0083862
0.0078332
0.0068728
0.0091458
0.0096198
0.013553
0.014153
0.012722
0.017946
0.010348
0.012654
0.0068156
0.013602
0.018903
0.018002
0.016383
0.011812
0.0095604
0.0091843
0.0083761
0.014425
0.015636
0.016801
0.013538
0.0068171
0.0067294
0.0085206
0.010668
0.016313
0.010594
0.013609
0.0063685
0.0098125
0.0075985
0.01177
0.0085634
0.0064576
0.010275
0.0043751
0.0065087
0.0054335
0.018443
0.018127
0.017005
0.0099989
0.0061067
0.0083647
0.0082976
0.019683
0.0065409
0.017586
0.019494
0.018703
0.018007
0.019071
0.013105
0.019865
0.013157
0.020073
0.02062
0.01003
0.0096686
0.010732
0.0067468
0.0053041
0.0072844
0.014995
0.017305
0.015614
0.0057572
0.0075831
0.010957
0.014911
0.017065
0.017946
0.0052761
0.013216
0.014497
0.013023
0.012802
0.0058228
0.015375
0.0092443
0.017003
0.0093227
0.0055567
0.010991
0.0053819
0.0045696
0.0087076
0.0093004
0.011822
0.0069439
0.018154
0.017752
0.018505
0.01401
0.013126
0.013132
0.014695
0.015592
0.012165
0.011524
0.015131
0.012205
0.018894
0.012575
0.010797
0.011018
0.01031
0.018392
0.011373
0.01723
0.0084233
0.015903
0.0079264
0.012265
0.01973
0.0079197
0.013013
0.017323
0.015788
0.010953
0.012402
0.010867
0.0061155
0.0088056
0.0052637
0.0080591
0.0081466
0.014557
0.0062534
0.012297
0.0087896
0.0090228
0.0068851
0.0097578
0.0065486
0.0074838
0.010589
0.011574
0.011719
0.011418
0.0098582
0.011726
0.0073943
0.012425
0.011651
0.011958
0.0076002
0.010502
0.01326
0.0097374
0.01192
0.013049
0.013888
0.012347
0.009924
0.0092661
0.011301
0.009123
0.011883
0.01308
0.0099143
0.01087
0.0049409
0.0069523
0.012154
0.0092833
0.01096
0.005008
0.0084911
0.0053514
0.0079296
0.0085272
0.014034
0.0076946
0.0080006
0.007305
0.0092502
0.0090505
0.0079597
0.0042072
0.010191
0.0062911
0.010312
0.0086928
0.010081
0.0077343
0.0061922
0.0042053
0.0071714
0.0072945
0.0092278
0.011091
0.0096585
0.007135
0.0079863
0.0094266
0.006404
0.0072063
0.0097075
0.0081857
0.0090294
0.0089806
0.010702
0.0099599
0.0082932
0.011179
0.004803
0.011358
0.006517
0.0095641
0.0070398
0.010576
0.010306
0.0082516
0.019821
0.011002
0.010628
0.0074996
0.0088654
0.00944
0.010435
0.0075215
0.010051
0.0082912
0.0077442
0.0091544
0.0069433
0.0045748
0.0058909
0.0021488
0.0054324
0.0066478
0.0041614
0.0035522
0.0046232
0.010023
0.0093651
0.0075277
0.010435
0.014473
0.012223
0.0055796
0.011367
0.0074374
0.0074144
0.0086975
0.0083926
0.011617
0.0060726
0.017589
0.005277
0.0046972
0.0063968
0.00626
0.0045343
0.012486
0.0099163
0.01051
0.009743
0.0097883
0.010846
0.009462
0.0080437
0.0098707
0.01075
0.0091131
0.0071981
0.011369
0.0067529
0.0064471
0.0059135
0.0062999
0.0091575
0.0074115
0.0057667
0.0058493
0.012683
0.0051932
0.0055546
0.0056567
0.0050358
0.0097361
0.0092698
0.0045967
0.010482
0.007281
0.0076124
0.0071927
0.0092622
0.0072393
0.0095312
0.0091454
0.0086293
0.0096256
0.0071088
0.0095513
0.010336
0.008862
0.0085661
0.010525
0.0095383
0.010238
0.010823
0.010938
0.0041755
0.0094519
0.0039866
0.0039902
0.010302
0.012714
0.0045734
0.0056367
0.004772
0.0080599
0.0071084
0.011007
0.0086104
0.0056409
0.0064827
0.0066176
0.0063119
0.0049082
0.0084157
0.007881
0.0075777
0.0055139
0.0043714
0.0070737
0.010634
0.0042887
0.0089463
0.007466
0.010429
0.0063957
0.0056922
0.0070044
0.0058416
0.0080205
0.0063257
0.0063307
0.0064528
0.005117
0.0034456
0.0048
0.0043426
0.0038417
0.0039961
0.0067578
0.005792
0.0029497
0.0023732
0.0028498
0.0043224
0.0043466
0.0042509
0.0057918
0.0042442
0.0041015
0.0023346
0.0027534
0.0025867
0.0045857
0.011683
0.0043285
0.0017363
0.0019991
0.0026464
0.0061615
0.0025473
0.0057881
0.0016314
0.0019649
0.00054385
0.0012881
0.0032322
0.0021455
0.0035203
0.0052367
0.0041216
0.0048794
0.0043182
0.0023685
0.0039985
0.0027523
0.0044987
0.0059099
0.0038942
0.0045112
0.0057252
0.0048293
0.0068196
0.0071313
0.0048956
0.0051917
0.0049902
0.0023988
0.0040884
0.0034038
0.0089913
0.0061144
0.0066896
0.0055804
0.0040986
0.0062846
0.0059542
0.0059841
0.0055849
0.0040421
0.0066702
0.0070033
0.0049848
0.0067377
0.0067714
0.0065804
0.0087442
0.008131
0.0069946
0.0058878
0.0052667
0.0081859
0.0080522
0.0088016
0.0080179
0.0077865
0.0089327
0.0088768
0.0082925
0.0089683
0.0065306
0.0092157
0.0096328
0.00894
0.0083813
0.0089972
0.0087477
0.0072266
0.0067933
0.0078042
0.0061196
0.010348
0.004583
0.0061119
0.005574
0.0087195
0.016411
0.0065554
0.0068516
0.0053538
0.0079639
0.0064751
0.0082617
0.0078891
0.0076776
0.0076596
0.0081813
0.0084502
0.0074917
0.0085626
0.0079402
0.0085032
0.0088781
0.0086143
0.01059
0.0084847
0.0094799
0.010364
0.0079658
0.01088
0.005966
0.0092916
0.010151
0.0050979
0.0083104
0.0096336
0.0096563
0.00882
0.0088277
0.0071238
0.0065339
0.007615
0.0044654
0.0098356
0.0038159
0.0053203
0.012138
0.0058911
0.0064672
0.0071046
0.0074689
0.00847
0.0076278
0.0062666
0.0049394
0.010471
0.0074111
0.0048337
0.0069115
0.010102
0.011537
0.005546
0.010399
0.0086392
0.009597
0.0093967
0.010986
0.010858
0.0013234
0.001717
0.0017953
0.0068584
0.0052232
0.0055132
0.0053869
0.0055591
0.0055664
0.0088095
0.007387
0.0080811
0.0070801
0.0072195
0.0084345
0.0092403
0.0053998
0.0056697
0.0070827
0.0093492
0.0073956
0.011653
0.0094819
0.0069915
0.0095593
0.0094682
0.0015363
0.0037708
0.0044842
0.005256
0.0011441
0.0037542
0.0022771
0.0069545
0.0037155
0.0019391
0.0042018
0.0051727
0.010082
0.007862
0.0059801
0.0042543
0.0037816
0.0065599
0.0070377
0.0092137
0.0096483
0.010721
0.01119
0.0061877
0.0050116
0.0056615
0.0059161
0.003947
0.0096523
0.0051983
0.0046089
0.0054806
0.0087814
0.0060358
0.0074801
0.0044468
0.0082068
0.005448
0.0075345
0.0055007
0.0067026
0.0055313
0.0092016
0.010096
0.0093382
0.0080533
0.0081491
0.0083936
0.0084235
0.010974
0.0085511
0.0091876
0.0078668
0.012515
0.0097506
0.0080168
0.0063851
0.0074558
0.010016
0.0062214
0.0085494
0.013269
0.011941
0.0099826
0.008512
0.010582
0.011045
0.011459
0.0090753
0.011931
0.011913
0.011778
0.011714
0.014182
0.011308
0.014352
0.013654
0.016478
0.014252
0.01145
0.0082575
0.010972
0.011261
0.0089418
0.012372
0.0086777
0.009789
0.0095366
0.013209
0.0071961
0.012139
0.010364
0.0095279
0.012957
0.013087
0.012673
0.011044
0.011024
0.011745
0.010254
0.011816
0.013187
0.012136
0.013047
0.011794
0.010533
0.011713
0.0087637
0.011869
0.010411
0.0096006
0.014425
0.01257
0.011093
0.011186
0.0051901
0.0041146
0.0038982
0.0042713
0.0051402
0.005185
0.0052793
0.0047514
0.0045674
0.0050914
0.0043994
0.0037771
0.005644
0.0031059
0.0050509
0.0032616
0.0038958
0.0041344
0.0048832
0.003341
0.0035174
0.004894
0.0079484
0.0085799
0.0058407
0.0077125
0.0064318
0.007467
0.0062018
0.0078542
0.0091001
0.0078109
0.0070471
0.0070805
0.0064193
0.008238
0.0066256
0.0071176
0.0079318
0.0066164
0.006355
0.006481
0.006092
0.0095857
0.0081687
0.0087757
0.0072176
0.005515
0.0067177
0.0041104
0.0041628
0.0052998
0.005376
0.0046849
0.004129
0.00496
0.0058516
0.0053908
0.0053072
0.0051045
0.0061189
0.0049803
0.0067279
0.0058006
0.0080278
0.0054589
0.0055582
0.0053239
0.0068237
0.0061746
0.010109
0.0060903
0.008252
0.010495
0.007595
0.0087844
0.003949
0.0038082
0.0039733
0.0048811
0.0086695
0.0079492
0.0045565
0.0038788
0.0043313
0.0039638
0.0039418
0.003578
0.0049949
0.0040725
0.012055
0.0056868
0.0033703
0.0043386
0.0037365
0.0051832
0.0045458
0.0059944
0.0052993
0.0067487
0.0052923
0.0051126
0.0091305
0.0066837
0.007013
0.0091722
0.0090356
0.0059501
0.0089902
0.0089889
0.0076983
0.0093811
0.010115
0.0096196
0.0084781
0.0078401
0.0065499
0.0085739
0.0074746
0.0082515
0.0072309
0.0082531
0.0079449
0.009353
0.011436
0.0092986
0.0070711
0.0093286
0.008721
0.0077865
0.0076055
0.010322
0.0065976
0.0056364
0.0063061
0.0054269
0.0050536
0.0054526
0.0047081
0.0049966
0.0062265
0.0064037
0.0071989
0.0072143
0.0089177
0.0067341
0.0053108
0.0064206
0.0081461
0.0064806
0.0050478
0.0062647
0.0072005
0.005447
0.0085799
0.0089744
0.011799
0.010064
0.012361
0.009146
0.010284
0.011238
0.013108
0.0094537
0.010362
0.013556
0.014139
0.010672
0.0083398
0.010416
0.011582
0.0097553
0.010425
0.011796
0.011395
0.010081
0.0099866
0.010258
0.011914
0.0081883
0.0069054
0.0085087
0.0089602
0.011506
0.0087543
0.0087988
0.0082282
0.0093926
0.0094949
0.011782
0.009685
0.0081832
0.0087116
0.013177
0.01328
0.0097089
0.0091752
0.011327
0.013723
0.01371
0.013255
0.01472
0.013762
0.012614
0.012927
0.014037
0.014271
0.013528
0.014221
0.012261
0.011628
0.0079381
0.011429
0.0085908
0.01103
0.0077635
0.01118
0.011813
0.01255
0.01193
0.01449
0.013338
0.010867
0.014199
0.011456
0.014686
0.013303
0.010912
0.011428
0.013286
0.013262
0.013255
0.012951
0.011939
0.012308
0.013006
0.012318
0.011371
0.011487
0.011471
0.012584
0.011468
0.010917
0.013688
0.013695
0.011822
0.01421
0.01126
0.013697
0.011996
0.012188
0.011608
0.013399
0.012566
0.015568
0.015325
0.012967
0.01078
0.0095552
0.010786
0.0091151
0.013557
0.011248
0.013771
0.015046
0.013541
0.012055
0.012789
0.01453
0.011758
0.010993
0.01387
0.014702
0.018015
0.012781
0.010626
0.012025
0.0098089
0.0092251
0.0125
0.0092976
0.0082324
0.014479
0.0062484
0.010495
0.01418
0.012494
0.011
0.013363
0.013162
0.013821
0.0085647
0.013481
0.011849
0.0090502
0.011554
0.0088148
0.0045495
0.011362
0.011884
0.0078407
0.012092
0.010355
0.0057443
0.013006
0.0092984
0.012052
0.011441
0.011001
0.011135
0.0098443
0.014927
0.0088791
0.017497
0.013064
0.012616
0.013873
0.0047119
0.014791
0.017381
0.0043762
0.0098975
0.0076147
0.0093401
0.012184
0.0059691
0.0079147
0.0090291
0.013002
0.0084459
0.0092723
0.0098172
0.011256
0.014085
0.01172
0.013638
0.014616
0.015139
0.016041
0.0045954
0.0047745
0.0054309
0.0048202
0.0056339
0.0054761
0.0058434
0.0065689
0.0073278
0.0070005
0.0040078
0.0062599
0.0047613
0.0067018
0.0060938
0.0062005
0.0060424
0.0065784
0.013723
0.011943
0.0046269
0.0058689
0.0056275
0.0050626
0.0060245
0.0054631
0.011148
0.0078545
0.0053871
0.0051755
0.0052225
0.0057508
0.0050611
0.0064883
0.0065264
0.0059008
0.0065018
0.0058518
0.0050284
0.0047215
0.0050272
0.0045265
0.0056149
0.0039776
0.0096301
0.0062531
0.0063443
0.0064718
0.0086135
0.0060918
0.0073035
0.0067023
0.0087088
0.0073445
0.0070962
0.0077444
0.0084131
0.0072432
0.0073803
0.0080125
0.0087132
0.0071191
0.0059447
0.0072357
0.0067054
0.0084581
0.0083562
0.0066889
0.0091383
0.0093452
0.0090916
0.0065547
0.0062134
0.0053153
0.0084449
0.008328
0.0074154
0.006917
0.0070056
0.0093869
0.0077505
0.0072897
0.0076633
0.0077252
0.0071626
0.0069602
0.0074548
0.0068916
0.0070977
0.0086976
0.0086098
0.010356
0.0076349
0.0054379
0.0099811
0.0064069
0.0057233
0.0055353
0.0089943
0.010465
0.011252
0.0079832
0.0091561
0.0091974
0.0093728
0.0092714
0.010319
0.0093741
0.0099088
0.0099717
0.0098291
0.00971
0.0096209
0.0091025
0.0094127
0.0072136
0.0076782
0.0080478
0.0084981
0.0064613
0.0091288
0.0091648
0.0076004
0.0080906
0.010047
0.0096425
0.0080941
0.010413
0.0090685
0.010251
0.011053
0.011497
0.0097773
0.010082
0.011136
0.0095987
0.010482
0.010384
0.011089
0.010753
0.0068465
0.011731
0.0085205
0.010452
0.0098122
0.0088338
0.015523
0.012174
0.010764
0.011465
0.013585
0.0137
0.013485
0.013159
0.01113
0.012696
0.011238
0.010525
0.0096265
0.011729
0.010919
0.0091124
0.010571
0.0093939
0.009712
0.0099256
0.0089511
0.011122
0.010041
0.01077
0.010869
0.011171
0.01026
0.01061
0.0096952
0.0081817
0.0092671
0.012958
0.010623
0.0094701
0.010225
0.010264
0.012349
0.013154
0.015526
0.011419
0.011449
0.010899
0.011485
0.015184
0.01422
0.01317
0.013909
0.01292
0.012185
0.016663
0.014642
0.0099412
0.0095147
0.0077908
0.015225
0.010758
0.010676
0.0093134
0.012831
0.013964
0.01456
0.012345
0.011757
0.015142
0.011225
0.011074
0.018784
0.011586
0.012106
0.0094223
0.01409
0.017573
0.014525
0.014247
0.014102
0.013866
0.013911
0.013162
0.011962
0.016619
0.014031
0.01088
0.015064
0.016463
0.013173
0.0109
0.016759
0.015691
0.013232
0.012058
0.011425
0.011355
0.0092258
0.0093322
0.0091741
0.010755
0.010384
0.010236
0.01139
0.010335
0.011983
0.010028
0.011631
0.012599
0.01453
0.012048
0.012444
0.013823
0.0099016
0.0086765
0.012635
0.0082994
0.0095738
0.0093316
0.013721
0.012315
0.014296
0.014048
0.013315
0.015435
0.013563
0.010143
0.012996
0.014033
0.013921
0.012532
0.012552
0.013982
0.011104
0.011069
0.012563
0.013081
0.011445
0.012259
0.013106
0.013922
0.015423
0.015294
0.01303
0.012604
0.014506
0.014926
0.013585
0.014737
0.014872
0.015322
0.014853
0.014715
0.015313
0.018068
0.016643
0.016334
0.014595
0.013982
0.016629
0.01572
0.016732
0.01259
0.012947
0.016507
0.012344
0.015727
0.015913
0.016367
0.018911
0.017816
0.011222
0.019672
0.019138
0.022076
0.024954
0.026608
0.014011
0.013497
0.023162
0.013619
0.014779
0.015344
0.016165
0.013364
0.016966
0.012503
0.010056
0.012991
0.012481
0.010701
0.01403
0.014488
0.01456
0.015784
0.011559
0.015136
0.011532
0.010789
0.012574
0.01343
0.013957
0.012053
0.012294
0.016554
0.015444
0.012363
0.015602
0.012333
0.012954
0.011211
0.011153
0.01508
0.015602
0.0060064
0.011606
0.012001
0.0095243
0.0092567
0.01057
0.008548
0.0093397
0.016498
0.010847
0.011368
0.008736
0.0088452
0.010138
0.0095505
0.012555
0.014475
0.0094472
0.01088
0.0098736
0.011781
0.0082241
0.013614
0.015685
0.015776
0.014357
0.0048558
0.0048315
0.0066762
0.0054434
0.0046287
0.0037425
0.0054186
0.0063522
0.0048815
0.0041404
0.0043925
0.0042389
0.016285
0.006669
0.017219
0.0075911
0.0054405
0.0054282
0.00348
0.0046347
0.0056797
0.0080323
0.0044397
0.0076422
0.0083766
0.0055346
0.0041632
0.0039361
0.0041743
0.0045217
0.0055681
0.0051311
0.0045828
0.0056416
0.0045088
0.0057544
0.0036947
0.0038975
0.009194
0.0064076
0.0065345
0.006779
0.0085952
0.0060937
0.0099829
0.0099209
0.0089722
0.010283
0.010718
0.01051
0.011745
0.0095396
0.0086866
0.0081242
0.0098512
0.0065538
0.0080571
0.0088346
0.0068907
0.0070706
0.0070058
0.0067034
0.0073344
0.0054915
0.0098036
0.011994
0.0077087
0.0095526
0.0073862
0.0093345
0.0094485
0.010807
0.010014
0.0097665
0.0088253
0.010815
0.007379
0.010218
0.0092318
0.011211
0.0063248
0.012735
0.0085653
0.010175
0.010766
0.0080389
0.0086667
0.0085682
0.0090032
0.0073426
0.0088036
0.0089175
0.005547
0.0093507
0.0067251
0.0067428
0.0084346
0.0075568
0.0098388
0.0084657
0.010742
0.009076
0.0078069
0.0066797
0.0084759
0.0079538
0.0066703
0.0076298
0.0079456
0.0073671
0.008269
0.0090274
0.0092595
0.010549
0.0091732
0.0091251
0.0091746
0.0086689
0.010557
0.0080109
0.011265
0.012725
0.012178
0.010258
0.011716
0.011643
0.013692
0.011669
0.013548
0.011289
0.011173
0.0093313
0.0041544
0.011092
0.0085375
0.012971
0.012293
0.014633
0.011698
0.012081
0.01264
0.01621
0.01275
0.018265
0.0098267
0.011875
0.0085706
0.0084585
0.0082284
0.0092636
0.013206
0.010065
0.0097225
0.011412
0.013231
0.0084664
0.0098969
0.018772
0.011586
0.013457
0.013935
0.012434
0.011744
0.01526
0.015494
0.013185
0.013293
0.014566
0.013854
0.014124
0.012623
0.013232
0.011979
0.011342
0.014892
0.011821
0.014055
0.016322
0.012393
0.012839
0.013782
0.012944
0.011254
0.01226
0.013268
0.012114
0.0088022
0.012621
0.010319
0.010252
0.010317
0.020732
0.013368
0.010943
0.012487
0.014459
0.010593
0.01321
0.010279
0.012934
0.011732
0.010914
0.0097369
0.0093762
0.0085646
0.018316
0.013399
0.014238
0.010244
0.01463
0.01534
0.016057
0.011871
0.012431
0.014084
0.017944
0.01764
0.015542
0.011859
0.010729
0.0051279
0.012828
0.006828
0.013409
0.012738
0.010949
0.016496
0.012838
0.018736
0.013171
0.018388
0.013788
0.017923
0.017527
0.016343
0.013416
0.014871
0.0089246
0.010075
0.0096623
0.010934
0.013897
0.013227
0.012741
0.012722
0.012114
0.011004
0.011947
0.012257
0.012992
0.012298
0.011294
0.011634
0.016529
0.010149
0.009613
0.009269
0.0096527
0.012755
0.0066975
0.018997
0.016659
0.015571
0.018059
0.017458
0.013594
0.015055
0.014267
0.013282
0.012905
0.016199
0.015942
0.016744
0.014276
0.015733
0.015964
0.016258
0.015794
0.015685
0.016951
0.016294
0.016531
0.014642
0.016512
0.014798
0.015323
0.015181
0.015819
0.014232
0.016876
0.01544
0.016482
0.014999
0.015898
0.015527
0.013855
0.017638
0.012837
0.012457
0.015321
0.014465
0.012371
0.012902
0.016506
0.014576
0.013775
0.013857
0.013154
0.015596
0.015336
0.014215
0.01628
0.0091008
0.0099651
0.011871
0.0099372
0.011263
0.011492
0.016179
0.015864
0.016954
0.015736
0.01527
0.014952
0.013212
0.013695
0.012494
0.013094
0.010582
0.013651
0.01496
0.016104
0.015003
0.014252
0.0132
0.0090822
0.014171
0.012865
0.012348
0.014148
0.015136
0.021309
0.019649
0.01652
0.024166
0.021696
0.026804
0.028136
0.013857
0.012261
0.019319
0.025483
0.022937
0.028103
0.025475
0.027966
0.02779
0.029829
0.029728
0.019822
0.019886
0.026942
0.0089393
0.012369
0.013516
0.0099033
0.010217
0.010147
0.010624
0.010156
0.0098834
0.0092737
0.016147
0.016107
0.014616
0.016131
0.015694
0.015994
0.014419
0.013319
0.017631
0.015036
0.015112
0.015972
0.015573
0.012065
0.013497
0.013079
0.0093291
0.012391
0.012002
0.0078031
0.010019
0.011979
0.011682
0.0091433
0.012487
0.010406
0.011142
0.0091332
0.0090825
0.007729
0.0051973
0.0049641
0.0058957
0.0068286
0.0071605
0.0084923
0.010216
0.008398
0.0069236
0.0077119
0.0076783
0.0085072
0.0062326
0.0061627
0.0071659
0.0079576
0.00856
0.0083083
0.0079408
0.0076541
0.0071912
0.0088262
0.0079968
0.007634
0.009444
0.0048012
0.0090888
0.0096567
0.0051102
0.0083197
0.0055303
0.0069853
0.0086085
0.0058016
0.0071366
0.0085035
0.0063167
0.0047008
0.0066413
0.0075427
0.0061745
0.010405
0.0061227
0.0078099
0.0087379
0.0076646
0.010386
0.011026
0.01174
0.011609
0.0089711
0.012395
0.012785
0.011555
0.0098611
0.01111
0.010564
0.010792
0.0098909
0.010974
0.0084357
0.0074457
0.0081871
0.0057298
0.0070621
0.0087984
0.0071781
0.0076276
0.0073003
0.010987
0.0060385
0.0096989
0.0085725
0.011137
0.0083913
0.0074876
0.0096917
0.0094988
0.010795
0.0087884
0.010555
0.0084086
0.012065
0.0082416
0.0084657
0.0084519
0.0080476
0.0073242
0.006164
0.0065554
0.0074501
0.0065382
0.006057
0.0058882
0.0073519
0.0059214
0.0065515
0.0073434
0.0084565
0.0069781
0.0065298
0.00935
0.0059743
0.0062887
0.0072738
0.010805
0.0084712
0.010479
0.0073692
0.0078639
0.0078605
0.0092573
0.0092875
0.00855
0.009274
0.008502
0.0089993
0.01197
0.0086093
0.0084842
0.009222
0.007923
0.0076029
0.0086806
0.0091334
0.0071556
0.0096541
0.010213
0.0097428
0.010495
0.010236
0.0093851
0.010291
0.010998
0.011987
0.014021
0.015053
0.013904
0.011114
0.0064203
0.0090512
0.013823
0.014698
0.0097937
0.0098087
0.010786
0.008879
0.010342
0.0065816
0.0073221
0.0088241
0.0075629
0.0094503
0.011693
0.0091154
0.00626
0.0062805
0.0073729
0.010498
0.0077358
0.0087638
0.010099
0.0098437
0.0073364
0.010247
0.012329
0.010292
0.013182
0.012339
0.011149
0.012076
0.012021
0.012981
0.014286
0.014246
0.012368
0.010325
0.013624
0.011946
0.014939
0.012187
0.010855
0.0090107
0.010668
0.010953
0.0088343
0.009547
0.01004
0.013757
0.011306
0.012183
0.010779
0.01004
0.01105
0.014013
0.0065759
0.0084941
0.0085593
0.007148
0.0095105
0.010445
0.011431
0.010355
0.014003
0.013992
0.011423
0.01103
0.014187
0.012849
0.01504
0.015623
0.01496
0.013478
0.012711
0.012264
0.013497
0.0098887
0.015517
0.014394
0.014355
0.01547
0.01303
0.014162
0.015219
0.011933
0.015533
0.014
0.015475
0.011388
0.01379
0.014432
0.012523
0.012007
0.012445
0.012082
0.012401
0.013611
0.014198
0.0096577
0.010529
0.011939
0.011718
0.013314
0.0098614
0.013697
0.010959
0.011599
0.010583
0.010466
0.010501
0.0089746
0.0096786
0.011215
0.013448
0.011748
0.0098735
0.01254
0.0107
0.01073
0.011968
0.012136
0.01248
0.011418
0.012807
0.012999
0.013983
0.010161
0.01147
0.013083
0.01149
0.014934
0.012813
0.013611
0.014752
0.014243
0.015736
0.013814
0.014072
0.014107
0.012009
0.013019
0.012514
0.01401
0.014051
0.012647
0.014281
0.011873
0.01223
0.011395
0.012153
0.012423
0.011139
0.013182
0.015838
0.0167
0.01897
0.021533
0.01437
0.016915
0.020087
0.014928
0.015539
0.015583
0.015341
0.01393
0.014147
0.015253
0.018061
0.013925
0.01363
0.010576
0.011165
0.011965
0.011458
0.01116
0.011039
0.011255
0.011858
0.013809
0.014449
0.011227
0.014081
0.012587
0.0099995
0.010933
0.013518
0.012916
0.018301
0.023615
0.019378
0.026296
0.023614
0.029484
0.020281
0.017874
0.028519
0.023761
0.022627
0.014522
0.018344
0.01361
0.013658
0.022342
0.013783
0.01847
0.014262
0.014665
0.014662
0.014783
0.016102
0.014737
0.01321
0.014938
0.014293
0.016636
0.015389
0.016578
0.013289
0.015884
0.014989
0.013709
0.016973
0.017137
0.017254
0.02049
0.02067
0.022416
0.013131
0.014967
0.013024
0.015029
0.010708
0.016972
0.01464
0.017822
0.019072
0.023903
0.018514
0.021494
0.026291
0.026553
0.026454
0.022936
0.027925
0.025384
0.020214
0.020066
0.023422
0.025558
0.02973
0.028823
0.029922
0.025879
0.027967
0.030006
0.023565
0.013314
0.016868
0.015704
0.014647
0.017242
0.012719
0.0082954
0.0077168
0.0078458
0.0091409
0.008968
0.0082857
0.010019
0.015783
0.01644
0.018828
0.01278
0.014243
0.017878
0.011762
0.015489
0.0090798
0.013543
0.011121
0.0092683
0.012418
0.0081946
0.0077334
0.0093367
0.012723
0.0096825
0.0081874
0.007563
0.0068034
0.0078004
0.0067921
0.0084467
0.010993
0.010221
0.0086154
0.0073766
0.0091006
0.0066267
0.0083217
0.0079342
0.0076723
0.0083758
0.0096187
0.0078918
0.010587
0.0074624
0.0099164
0.0090831
0.007942
0.010841
0.010768
0.0091175
0.0086353
0.0073675
0.0094016
0.008665
0.0079972
0.0082385
0.0098042
0.010016
0.0079169
0.011821
0.0094201
0.0094467
0.0089379
0.007572
0.0067989
0.0078879
0.0092148
0.006957
0.0067876
0.0066162
0.0069926
0.005684
0.0072683
0.0050801
0.0057384
0.0064969
0.0065326
0.0074955
0.0071933
0.0080979
0.0061649
0.0096799
0.0077528
0.011606
0.011011
0.011652
0.01163
0.0091322
0.0078202
0.012066
0.011074
0.0086073
0.0078469
0.01103
0.0087749
0.0083369
0.010351
0.0096859
0.0098034
0.0094133
0.0061735
0.010702
0.0083789
0.0091762
0.0053709
0.010027
0.011066
0.00849
0.01022
0.0092823
0.012366
0.0094357
0.012299
0.012595
0.010271
0.01137
0.011675
0.013644
0.013533
0.01107
0.013348
0.011611
0.011341
0.0088403
0.0085676
0.011197
0.0086701
0.0098096
0.010466
0.010801
0.010328
0.014114
0.013129
0.011458
0.014736
0.015323
0.017168
0.0058774
0.0075884
0.011055
0.0091163
0.0091331
0.0098515
0.0090512
0.0097845
0.010205
0.0075044
0.0079236
0.010878
0.0087913
0.011445
0.0079203
0.0081001
0.010743
0.011146
0.010258
0.0096336
0.01051
0.0082248
0.0084733
0.0072301
0.010183
0.0066401
0.010323
0.0076644
0.0078374
0.010563
0.01072
0.015527
0.0099093
0.011583
0.015417
0.014372
0.013892
0.014145
0.015879
0.013209
0.013529
0.016737
0.01142
0.015776
0.011217
0.015789
0.013915
0.015649
0.014585
0.014085
0.014068
0.014479
0.013287
0.014398
0.0048647
0.012472
0.016539
0.0047233
0.016038
0.011231
0.0054735
0.0095561
0.0058703
0.015255
0.0074346
0.0046699
0.016022
0.0076491
0.014811
0.013702
0.010242
0.0078279
0.0094262
0.010899
0.014013
0.011279
0.012799
0.012347
0.010082
0.0083489
0.0071379
0.0098049
0.009518
0.008933
0.012558
0.013332
0.013256
0.0094953
0.01079
0.010481
0.01366
0.011341
0.010632
0.013722
0.01575
0.016709
0.016549
0.013372
0.019808
0.017153
0.0097936
0.015708
0.015501
0.014812
0.016588
0.0094004
0.0094264
0.0091476
0.011761
0.014479
0.015989
0.014427
0.013264
0.015693
0.013663
0.011747
0.012416
0.015985
0.0096739
0.015807
0.0131
0.012141
0.011942
0.013247
0.014623
0.012919
0.012053
0.010691
0.010707
0.011048
0.007666
0.0084243
0.0091523
0.0108
0.010985
0.009918
0.011073
0.019852
0.015272
0.024393
0.0217
0.028539
0.031414
0.025872
0.033012
0.028829
0.016575
0.012728
0.013931
0.013046
0.020556
0.019223
0.021339
0.022452
0.010326
0.010269
0.011294
0.014716
0.015491
0.01054
0.011109
0.014565
0.012935
0.012996
0.012786
0.013207
0.014646
0.012566
0.014605
0.015723
0.013624
0.015822
0.014722
0.012166
0.015004
0.035094
0.024077
0.02879
0.027848
0.035368
0.034764
0.033599
0.032438
0.030632
0.034104
0.025101
0.015428
0.016563
0.013068
0.014715
0.021326
0.017494
0.017071
0.020782
0.023839
0.022425
0.023685
0.018396
0.02036
0.016844
0.025503
0.026256
0.027284
0.01639
0.015487
0.016175
0.022582
0.025424
0.027993
0.017714
0.016663
0.015638
0.018553
0.014883
0.013434
0.016253
0.011711
0.018242
0.014084
0.016237
0.012448
0.013436
0.018854
0.019093
0.017777
0.018518
0.015011
0.015521
0.016541
0.016427
0.020898
0.014087
0.018934
0.014676
0.019654
0.018198
0.01526
0.013422
0.019514
0.020241
0.013365
0.017826
0.018016
0.017732
0.023372
0.022454
0.014142
0.020292
0.013507
0.018866
0.023295
0.018032
0.02066
0.020845
0.024742
0.018413
0.01545
0.016163
0.019672
0.021904
0.020409
0.010438
0.010765
0.014025
0.023038
0.020584
0.013969
0.014613
0.018741
0.024001
0.020734
0.021961
0.020578
0.018857
0.023619
0.018689
0.024005
0.017443
0.021645
0.024103
0.023797
0.022038
0.021191
0.022221
0.012325
0.017108
0.017704
0.016404
0.015856
0.020398
0.02064
0.017489
0.01487
0.019323
0.015518
0.016643
0.016323
0.011587
0.011487
0.011522
0.015491
0.0099649
0.013944
0.01196
0.012221
0.011492
0.012365
0.0072283
0.010899
0.0071244
0.0062026
0.0065177
0.0065964
0.0073537
0.0056647
0.0065889
0.0062485
0.025617
0.024946
0.025961
0.018043
0.022174
0.02725
0.023109
0.021138
0.026845
0.024473
0.01479
0.014396
0.012116
0.012421
0.011319
0.013463
0.0098091
0.012728
0.0093526
0.012653
0.0087566
0.0086467
0.0062201
0.01266
0.0082337
0.0096913
0.0058972
0.012226
0.013983
0.012061
0.0084103
0.0058548
0.0056378
0.012348
0.0041625
0.0040063
0.0063289
0.0036185
0.0058347
0.006898
0.0052645
0.0053368
0.0034413
0.0052176
0.0092487
0.0089064
0.011058
0.0070106
0.0086591
0.011588
0.017436
0.0095041
0.010426
0.016816
0.0049859
0.0032404
0.0087858
0.0027064
0.0054752
0.0098703
0.012201
0.0096053
0.0076127
0.0063765
0.0042313
0.0057644
0.0051476
0.0055117
0.0030037
0.0034535
0.0079689
0.0063521
0.0098674
0.0061194
0.0044828
0.0060442
0.0088254
0.005545
0.0076559
0.0054171
0.0088965
0.00698
0.0047835
0.0073121
0.0087628
0.0098578
0.010817
0.0079071
0.010396
0.0076168
0.0086675
0.0098386
0.0087758
0.0067521
0.0076466
0.009776
0.0062338
0.0087205
0.0090996
0.0058315
0.0081567
0.009151
0.0071974
0.0092376
0.0064022
0.0056931
0.0052435
0.00606
0.0066455
0.0073395
0.0060762
0.0053417
0.0060558
0.0044324
0.0071419
0.0071729
0.0069268
0.0067683
0.012703
0.0065391
0.0080814
0.0093345
0.0074709
0.0074899
0.0083696
0.012434
0.0084894
0.0086901
0.01182
0.010059
0.013239
0.012995
0.013388
0.014019
0.014538
0.0051208
0.0055084
0.0069902
0.0068778
0.0064319
0.0059009
0.0058971
0.0057602
0.007635
0.0069844
0.0074286
0.00875
0.0092305
0.0077172
0.0083936
0.0089288
0.0087476
0.0070409
0.0073696
0.0088297
0.0096975
0.0087854
0.011246
0.01387
0.01061
0.0078124
0.011192
0.0087966
0.010664
0.008308
0.010763
0.0097266
0.0088808
0.0080728
0.0093583
0.0090722
0.0069989
0.0049821
0.0036189
0.0063202
0.0034838
0.005667
0.0050661
0.0042868
0.0061423
0.0075526
0.0053885
0.0046899
0.013228
0.013758
0.013453
0.013269
0.012289
0.012989
0.012576
0.012691
0.012904
0.012806
0.012071
0.0088737
0.010414
0.0090454
0.0091209
0.011053
0.011874
0.013307
0.017406
0.014636
0.011035
0.015677
0.013529
0.016473
0.012404
0.0097449
0.0094405
0.0085901
0.013022
0.0095208
0.011245
0.0095989
0.012668
0.010824
0.0099913
0.0097731
0.011822
0.0094774
0.0085075
0.0097926
0.0081765
0.011938
0.0086283
0.011005
0.0076116
0.0081911
0.0077578
0.0085711
0.0086126
0.0059914
0.0056737
0.008903
0.00832
0.0055231
0.0033865
0.015018
0.014851
0.013556
0.012548
0.014677
0.015241
0.016314
0.014543
0.011611
0.014798
0.012615
0.012774
0.011458
0.011085
0.012805
0.013083
0.012174
0.012004
0.013244
0.014383
0.012801
0.013412
0.01223
0.011785
0.010302
0.01186
0.010366
0.009748
0.0096582
0.011019
0.011494
0.010391
0.010446
0.010151
0.012119
0.010452
0.0087688
0.011425
0.006228
0.010143
0.0082337
0.0076301
0.0084364
0.012742
0.01043
0.014126
0.013629
0.014826
0.01157
0.013355
0.013669
0.010385
0.012533
0.011457
0.010878
0.010203
0.013973
0.008557
0.0090081
0.012865
0.010338
0.009639
0.012292
0.010501
0.012015
0.0096166
0.0094281
0.011295
0.012289
0.010759
0.0085432
0.010179
0.0080144
0.0084354
0.0092776
0.009161
0.016698
0.01679
0.014991
0.013848
0.015169
0.018966
0.015873
0.020265
0.022162
0.013104
0.013823
0.011605
0.012537
0.017412
0.013871
0.020848
0.01481
0.019237
0.013616
0.010943
0.013181
0.013103
0.012617
0.011579
0.014339
0.012711
0.010401
0.013625
0.010927
0.013143
0.011385
0.010514
0.026155
0.029563
0.026078
0.032353
0.03123
0.02238
0.030287
0.026786
0.029409
0.024428
0.032587
0.034567
0.034667
0.022281
0.014008
0.01244
0.015157
0.014571
0.014888
0.016176
0.013042
0.01354
0.016548
0.016081
0.016446
0.01453
0.016448
0.016236
0.012781
0.012805
0.014695
0.011708
0.013131
0.015456
0.014512
0.016654
0.018886
0.020589
0.020925
0.016923
0.017616
0.017379
0.01381
0.017387
0.011359
0.015469
0.012622
0.016325
0.014698
0.016767
0.015858
0.011071
0.019246
0.014808
0.015197
0.014211
0.015182
0.011836
0.014458
0.010365
0.006429
0.017098
0.010798
0.012163
0.010912
0.010181
0.0068309
0.011845
0.014379
0.010569
0.013419
0.00978
0.010806
0.013894
0.006779
0.0083841
0.0054277
0.0074574
0.015272
0.0085127
0.0061021
0.011672
0.0059504
0.0073323
0.0028063
0.0017709
0.015205
0.0091493
0.0088361
0.02053
0.027963
0.0094431
0.003831
0.019791
0.023528
0.0031802
0.024256
0.015664
0.021282
0.013199
0.0098678
0.014657
0.012722
0.0077716
0.013182
0.010267
0.0098563
0.012777
0.01173
0.010772
0.011792
0.012024
0.010793
0.012319
0.012413
0.013139
0.012446
0.010998
0.011158
0.0067768
0.0066073
0.011451
0.0028595
0.012941
0.0074869
0.0098744
0.010024
0.013595
0.0084496
0.0091419
0.015888
0.0092005
0.010691
0.013434
0.014885
0.015175
0.017838
0.015067
0.027941
0.016589
0.026771
0.027511
0.022264
0.027582
0.021378
0.02139
0.025428
0.028038
0.019251
0.023673
0.026668
0.018207
0.018722
0.015004
0.020618
0.010839
0.015803
0.0083983
0.013514
0.010313
0.011591
0.01172
0.022892
0.01434
0.0098782
0.021273
0.014047
0.023038
0.017081
0.0092277
0.01071
0.014626
0.013291
0.018894
0.023056
0.021815
0.020171
0.010638
0.012438
0.0096718
0.012077
0.00993
0.0098752
0.012635
0.009991
0.011861
0.0099375
0.011653
0.0081861
0.011912
0.0081081
0.011607
0.011315
0.015725
0.014043
0.012564
0.015171
0.0054644
0.0071013
0.0048935
0.014011
0.010323
0.013204
0.0070687
0.010123
0.0064807
0.0081367
0.012672
0.0069743
0.0071234
0.015066
0.020235
0.011764
0.019129
0.014572
0.016878
0.019581
0.020689
0.016527
0.019346
0.020126
0.017031
0.01781
0.014602
0.020782
0.019216
0.019301
0.0097474
0.0077708
0.0085253
0.010604
0.015402
0.012998
0.012086
0.012129
0.011945
0.0060424
0.0053403
0.006062
0.0021012
0.0042591
0.0088331
0.0054716
0.005605
0.010603
0.0072738
0.0038172
0.0064376
0.010423
0.017673
0.017116
0.013042
0.019429
0.018895
0.016806
0.012975
0.013875
0.018021
0.012414
0.01219
0.0194
0.01033
0.014872
0.018473
0.012393
0.014904
0.014937
0.007608
0.018196
0.012022
0.016079
0.0098823
0.014623
0.010702
0.012151
0.0072668
0.0069093
0.0053482
0.0079341
0.0071553
0.012213
0.011398
0.011475
0.0061137
0.0059538
0.0091547
0.0071132
0.004285
0.0061972
0.008741
0.0091696
0.0057101
0.017598
0.013843
0.017946
0.016735
0.015547
0.014423
0.017678
0.013026
0.015505
0.016584
0.012798
0.015243
0.015255
0.016262
0.013908
0.017912
0.015952
0.017765
0.013982
0.016591
0.01539
0.013532
0.013995
0.017515
0.014762
0.011751
0.016869
0.015334
0.0078527
0.007676
0.0087045
0.0087058
0.010042
0.013743
0.016147
0.0087336
0.013975
0.011155
0.0093693
0.010778
0.011554
0.0087186
0.0087857
0.0095042
0.0087295
0.0088567
0.0081155
0.012471
0.0096239
0.012342
0.010343
0.013261
0.013278
0.013221
0.012427
0.009643
0.0092224
0.0093312
0.0091824
0.0046118
0.0081657
0.0059644
0.0068176
0.0087243
0.0085712
0.0090619
0.0025172
0.0083533
0.007344
0.0071529
0.0042218
0.0048824
0.0078898
0.0065474
0.0052513
0.0089986
0.0077276
0.0071638
0.0073473
0.0074643
0.0082373
0.0064022
0.0045497
0.0038022
0.0052669
0.0043103
0.0051677
0.015446
0.019654
0.016235
0.018773
0.013662
0.016862
0.017264
0.016545
0.015946
0.016436
0.011951
0.010644
0.013927
0.011874
0.013409
0.0045411
0.0071745
0.007906
0.0078215
0.006848
0.0069319
0.0069247
0.0055181
0.006731
0.0077765
0.0069607
0.0061309
0.0049515
0.0065133
0.0042049
0.01633
0.010273
0.012931
0.013993
0.011211
0.013814
0.014791
0.013733
0.015132
0.012832
0.01382
0.0071036
0.0084012
0.0069116
0.0080916
0.007554
0.0090269
0.0085064
0.0081069
0.0070631
0.0068129
0.0082507
0.0049886
0.0063922
0.0091491
0.0098517
0.0071434
0.0068935
0.0086602
0.0070072
0.0078733
0.0090823
0.013848
0.014078
0.014282
0.015665
0.017368
0.018762
0.014595
0.018348
0.018177
0.018602
0.018703
0.013652
0.013111
0.01415
0.014177
0.015597
0.015164
0.01005
0.010346
0.010466
0.0085917
0.010786
0.01228
0.010231
0.012072
0.010872
0.012984
0.010288
0.014968
0.0093266
0.0077358
0.010425
0.010514
0.010689
0.018454
0.020196
0.024613
0.023912
0.023792
0.02473
0.026649
0.016789
0.016128
0.019409
0.022838
0.022284
0.021726
0.025363
0.024616
0.023728
0.019485
0.013408
0.014444
0.016177
0.014492
0.013741
0.012597
0.012508
0.014385
0.016863
0.010909
0.015814
0.016268
0.014066
0.011341
0.0094597
0.010654
0.011532
0.0098368
0.010947
0.010543
0.028233
0.022197
0.022286
0.026443
0.027451
0.013882
0.0169
0.01553
0.015959
0.015369
0.018054
0.016027
0.017341
0.01856
0.01894
0.015489
0.016681
0.01658
0.014436
0.013365
0.014823
0.014929
0.013767
0.015736
0.016846
0.015805
0.016055
0.013488
0.016196
0.013589
0.01555
0.01205
0.013091
0.010601
0.0090168
0.009659
0.0091568
0.013792
0.011639
0.0096096
0.010675
0.008872
0.0092702
0.0072594
0.0069367
0.0067369
0.0047017
0.0086173
0.00666
0.0080186
0.0071655
0.0070564
0.009072
0.0051496
0.0086521
0.0087136
0.0044495
0.0050189
0.0059663
0.0043694
0.0064988
0.0075577
0.00077461
0
0.0069782
0.0085657
0.0069877
0.018548
0.0091488
0.0086964
0.0068958
0.0071219
0.0075194
0.0077483
0.0082094
0.0074858
0.0077606
0.0079007
0.0085536
0.0088139
0.010337
0.0098644
0.0093042
0.0015806
0.002386
0.001932
0.0070875
0.007435
0.0050615
0.0065014
0.0091035
0.0085032
0.015467
0.0072429
0.025285
0.021059
0.0081088
0.013814
0.019238
0.020706
0.0093677
0.011933
0.021698
0.0089708
0.011709
0.010929
0.016794
0.012847
0.018091
0.012182
0.025048
0.020975
0.021236
0.01611
0.0091207
0.0086676
0.0093893
0.01118
0.0090151
0.012564
0.010019
0.010876
0.010143
0.010705
0.010579
0.011892
0.010688
0.0084264
0.01026
0.0080825
0.0081894
0.010221
0.0090818
0.0096425
0.0090275
0.0078416
0.011201
0.011062
0.011918
0.0086974
0.020861
0.020394
0.017017
0.020795
0.013388
0.022729
0.015589
0.012479
0.023166
0.019742
0.019264
0.016713
0.017555
0.016339
0.015426
0.018525
0.015466
0.016516
0.010996
0.011114
0.012311
0.011567
0.009661
0.014883
0.017441
0.013424
0.016537
0.018798
0.0098928
0.012847
0.0097251
0.014196
0.0097033
0.0085939
0.0072925
0.0085755
0.0088596
0.010735
0.0056362
0.0087533
0.0092678
0.011105
0.010503
0.0087445
0.011165
0.016576
0.016177
0.01615
0.014408
0.010937
0.013226
0.014778
0.017694
0.019359
0.012469
0.019664
0.0093125
0.01393
0.018039
0.012248
0.017953
0.018312
0.022344
0.01217
0.009713
0.014704
0.011618
0.016795
0.019927
0.013253
0.010576
0.01653
0.015676
0.012867
0.011638
0.014518
0.012271
0.012225
0.0079841
0.013637
0.007567
0.0076424
0.011285
0.008426
0.0087178
0.014239
0.0074833
0.012994
0.0092927
0.0062987
0.0094461
0.010616
0.010306
0.0091272
0.010564
0.0091106
0.010039
0.00912
0.0094026
0.008176
0.016495
0.02174
0.0095205
0.016083
0.022131
0.016024
0.01541
0.011819
0.0099307
0.013046
0.015316
0.015981
0.012922
0.012815
0.015233
0.017658
0.01539
0.0091671
0.0085185
0.0094582
0.012531
0.0084179
0.0075744
0.0086069
0.0093229
0.0097738
0.0084074
0.0092837
0.011134
0.010544
0.0075569
0.0085705
0.0084802
0.00714
0.0075668
0.0083344
0.0052392
0.0076911
0.0047184
0.0062271
0.0080245
0.011985
0.0081683
0.0052684
0.0061951
0.0063926
0.014189
0.017035
0.01528
0.015748
0.013957
0.0087012
0.0091084
0.010433
0.010155
0.0091131
0.011106
0.011094
0.012453
0.012383
0.011311
0.0039055
0.0057611
0.0056228
0.0065075
0.0067532
0.0064275
0.0069335
0.0069432
0.006558
0.0084911
0.0071837
0.0049656
0.0085337
0.016927
0.015928
0.017975
0.015095
0.013224
0.016579
0.019472
0.017256
0.015237
0.014437
0.014231
0.016999
0.0070308
0.0089955
0.0073382
0.0085345
0.0069453
0.0077272
0.0078798
0.0087216
0.0074407
0.01724
0.0089775
0.010819
0.0082889
0.0068607
0.0085292
0.0095577
0.0081831
0.013753
0.0090787
0.015356
0.021544
0.01882
0.017984
0.02033
0.022427
0.020466
0.020794
0.020806
0.019595
0.019075
0.013333
0.022422
0.014613
0.015463
0.010395
0.011811
0.0095315
0.010304
0.0087456
0.0083597
0.0081296
0.010035
0.010149
0.010656
0.011964
0.011287
0.0098384
0.013713
0.011861
0.011525
0.010908
0.011627
0.011327
0.015945
0.020923
0.023643
0.026024
0.020448
0.021815
0.021917
0.012015
0.013849
0.016081
0.014941
0.017912
0.016819
0.017248
0.017192
0.018383
0.01394
0.013873
0.013087
0.019491
0.018763
0.01762
0.020972
0.022202
0.021591
0.017452
0.01882
0.019462
0.015665
0.014465
0.017159
0.016916
0.015605
0.013467
0.01457
0.014652
0.017508
0.018204
0.013262
0.013041
0.016181
0.017715
0.016808
0.017162
0.019482
0.012665
0.0089509
0.012728
0.012371
0.01022
0.0099041
0.0063559
0.0091267
0.011643
0.0091622
0.0054883
0.0050414
0.0049908
0.0048582
0.0046143
0.0075321
0.0095094
0.012278
0.0068219
0.0088579
0.011085
0.00883
0.0048108
0.0068228
0.0098876
0.0087932
0.0083046
0.010061
0.010327
0.0079821
0.0087417
0.0088926
0.0077296
0.0087516
0.0077123
0.0093315
0.008944
0.0089195
0.0092699
0.0095075
0.010397
0.011301
0.011385
0.0095555
0.010559
0.0072984
0.0074484
0.0075975
0.0076568
0.0062396
0.0068363
0.011092
0.01092
0.011707
0.010851
0.010893
0.0056499
0.0072571
0.0082915
0.0081704
0.0058031
0.0067607
0.0082869
0.0061775
0.02195
0.007509
0.010928
0.0094173
0.0078752
0.0070279
0.0070261
0.0073328
0.0077793
0.0088056
0.0070133
0.015219
0.019633
0.017624
0.018813
0.020175
0.019985
0.020314
0.016231
0.023349
0.020879
0.016314
0.015886
0.019342
0.017247
0.02167
0.0076911
0.011463
0.011543
0.011182
0.010695
0.0054979
0.0069323
0.0071984
0.0075881
0.0086392
0.010417
0.0084227
0.007414
0.0099222
0.013015
0.013172
0.01669
0.020637
0.011564
0.0068837
0.013852
0.010528
0.01353
0.019587
0.018705
0.014014
0.020232
0.020282
0.018809
0.021302
0.018805
0.016559
0.024773
0.018794
0.023072
0.021965
0.012641
0.01367
0.013564
0.008539
0.009216
0.011835
0.011246
0.012565
0.010251
0.014628
0.0083095
0.012648
0.010573
0.010384
0.0075775
0.012569
0.014391
0.0090984
0.015539
0.016084
0.0092263
0.0088116
0.012218
0.018488
0.014686
0.017739
0.018677
0.018069
0.016607
0.015989
0.018297
0.020609
0.017932
0.017452
0.012162
0.015883
0.016395
0.01318
0.018837
0.016508
0.018178
0.018952
0.012644
0.010844
0.013142
0.01148
0.012481
0.010574
0.010354
0.011645
0.0141
0.013806
0.0099259
0.011383
0.010779
0.013492
0.01298
0.013004
0.011455
0.014396
0.0077497
0.020214
0.010168
0.019221
0.016765
0.022254
0.021795
0.011885
0.018318
0.018243
0.018432
0.016384
0.018738
0.017693
0.014666
0.018783
0.019136
0.01882
0.018781
0.017103
0.018474
0.014745
0.014843
0.0092122
0.013216
0.01729
0.0086243
0.016265
0.011268
0.01456
0.013741
0.0089112
0.017884
0.016344
0.018156
0.020383
0.013202
0.01931
0.013071
0.013558
0.018942
0.019335
0.014239
0.01782
0.017748
0.01663
0.014632
0.016439
0.016143
0.019164
0.017088
0.017452
0.014044
0.020226
0.021059
0.02025
0.018395
0.020235
0.015763
0.017872
0.018185
0.021828
0.019841
0.014238
0.015111
0.011982
0.011719
0.011282
0.0090772
0.0092253
0.0098666
0.014549
0.017639
0.014888
0.017185
0.016862
0.018075
0.014638
0.021337
0.02229
0.019605
0.01408
0.025945
0.022508
0.015666
0.010972
0.018044
0.011478
0.0076363
0.01698
0.01904
0.016038
0.0084461
0.016345
0.012892
0.013644
0.0099264
0.010253
0.009546
0.01062
0.010356
0.011437
0.0099387
0.0076117
0.0095255
0.0081214
0.010558
0.0083709
0.013735
0.0098124
0.0095612
0.0082299
0.012754
0.0080821
0.0098123
0.013442
0.012366
0.018476
0.011958
0.020191
0.011521
0.018779
0.014209
0.014282
0.009791
0.018372
0.0088795
0.010123
0.0099159
0.011655
0.0095534
0.026349
0.0074246
0.01319
0.0082145
0.018218
0.014919
0.01455
0.0085392
0.0078716
0.0087366
0.012853
0.0089449
0.0081036
0.0074313
0.0047607
0.0068214
0.0045318
0.0054892
0.007733
0.0053262
0.0065877
0.0090871
0.0095033
0.0072641
0.0088155
0.012706
0.0051727
0.0059255
0.0081586
0.0078654
0.0072655
0.011353
0.0072604
0.0065553
0.0075037
0.010229
0.0076056
0.007574
0.0067528
0.0075249
0.0068719
0.0076791
0.0089446
0.0067956
0.012019
0.0089552
0.0062051
0.007686
0.0076314
0.0076204
0.0072798
0.0093748
0.01075
0.0066582
0.0083009
0.0095048
0.0090918
0.0064785
0.0068238
0.0080563
0.010536
0.0063476
0.0083425
0.0083961
0.008136
0.0097927
0.0097053
0.008404
0.0091357
0.0094048
0.0092653
0.0096279
0.0093477
0.0096557
0.0094986
0.0073485
0.0074559
0.0082161
0.010203
0.0088987
0.0097231
0.0098133
0.0085137
0.0080807
0.0079655
0.0097226
0.0098182
0.0082826
0.0091822
0.0083031
0.0090548
0.0064521
0.0062984
0.0086029
0.010082
0.0077004
0.0095685
0.010161
0.0098488
0.0075144
0.0092536
0.0088984
0.0091947
0.008184
0.010069
0.0089134
0.0077933
0.010635
0.010186
0.0092312
0.0086552
0.0086164
0.010022
0.012588
0.014927
0.013362
0.011129
0.011881
0.011005
0.0092789
0.012182
0.01435
0.014407
0.012275
0.019096
0.014613
0.0099523
0.013785
0.019931
0.017495
0.0152
0.018485
0.017362
0.018584
0.018591
0.019802
0.014438
0.019232
0.020227
0.020534
0.019422
0.016503
0.017156
0.022217
0.011449
0.016999
0.018173
0.013711
0.014394
0.016832
0.019086
0.020372
0.019394
0.017222
0.016241
0.019259
0.020003
0.021151
0.015072
0.019824
0.020951
0.016187
0.017289
0.013929
0.014608
0.012837
0.013024
0.014443
0.014494
0.012214
0.012339
0.01314
0.015137
0.013584
0.011657
0.015626
0.012579
0.014162
0.01216
0.013234
0.015554
0.01308
0.011049
0.011628
0.012671
0.014879
0.013855
0.012193
0.017702
0.011715
0.013034
0.015974
0.015232
0.017417
0.01893
0.013597
0.015623
0.018829
0.014707
0.013805
0.018147
0.015841
0.0084632
0.016239
0.013966
0.012569
0.0082802
0.01189
0.011688
0.011266
0.0080921
0.012436
0.011857
0.0093306
0.016952
0.011408
0.0072594
0.010788
0.0054841
0.01143
0.012082
0.011061
0.010906
0.014231
0.011954
0.011121
0.011192
0.010156
0.012568
0.011965
0.010946
0.012453
0.012102
0.011131
0.011551
0.013062
0.012317
0.0099705
0.0061789
0.0079609
0.0067961
0.010287
0.0079771
0.0076005
0.012687
0.017428
0.01701
0.016427
0.016262
0.017518
0.0024545
0.00526
0.01344
0.01327
0.014191
0.013304
0.011644
0.01366
0.014013
0.014111
0.0082708
0.018559
0.017601
0.018752
0.016692
0.017646
0.01917
0.0059452
0.014019
0.015672
0.017421
0.017629
0.011592
0.0079156
0.0090085
0.0095665
0.0090984
0.0075197
0.018342
0.018995
0.0080561
0.01579
0.009198
0.0085039
0.0094809
0.011035
0.0069269
0.007682
0.0071348
0.009172
0.0087519
0.0094406
0.0061174
0.010639
0.0081806
0.010068
0.011629
0.008956
0.013102
0.013207
0.01138
0.010475
0.011163
0.011839
0.0096359
0.012902
0.0078788
0.0068534
0.0074579
0.0081357
0.006597
0.0076799
0.0078631
0.010201
0.0096499
0.0099154
0.01002
0.0089645
0.008852
0.0071647
0.0063089
0.0083644
0.006176
0.0095638
0.0099862
0.0085282
0.0087693
0.0083943
0.0092635
0.007472
0.0062293
0.0094018
0.0084509
0.0091726
0.0098094
0.0077492
0.0091327
0.010773
0.0092048
0.010369
0.0093897
0.0099107
0.011577
0.0089885
0.011397
0.0097227
0.010819
0.0093356
0.011482
0.01156
0.01504
0.010473
0.011401
0.012427
0.017707
0.016238
0.011909
0.014787
0.022261
0.016095
0.020271
0.023265
0.023487
0.024421
0.018154
0.026732
0.02343
0.021651
0.0245
0.020984
0.02085
0.015984
0.013928
0.014565
0.01617
0.015476
0.01301
0.015768
0.01792
0.017897
0.015267
0.018062
0.016779
0.019283
0.017084
0.018247
0.021342
0.012749
0.018759
0.021209
0.010035
0.020265
0.013526
0.018961
0.0098508
0.01462
0.013666
0.018792
0.017537
0.019939
0.014759
0.02025
0.019165
0.017625
0.021967
0.023039
0.021343
0.023044
0.018554
0.023835
0.011671
0.01195
0.018268
0.01429
0.016236
0.023132
0.015255
0.017597
0.024859
0.02375
0.022603
0.016963
0.018357
0.024687
0.02182
0.024198
0.019682
0.024828
0.022729
0.017033
0.018443
0.012593
0.014664
0.021029
0.0095081
0.0073114
0.023201
0.013354
0.016856
0.027061
0.023159
0.011093
0.027471
0.024343
0.026482
0.010684
0.014338
0.013872
0.011325
0.0075325
0.014474
0.0073719
0.0098653
0.0064381
0.017732
0.0096365
0.025699
0.019587
0.015527
0.017296
0.013108
0.012593
0.010517
0.0070906
0.011138
0.0080207
0.0067836
0.011788
0.014749
0.017823
0.012839
0.016546
0.016907
0.015383
0.015145
0.015367
0.014505
0.0087295
0.0076643
0.0059185
0.0072426
0.0078035
0.0088363
0.0095857
0.012603
0.011409
0.013133
0.011244
0.0097027
0.0093348
0.008139
0.011265
0.011114
0.010306
0.0083402
0.0092583
0.017409
0.0060943
0.011716
0.0099649
0.012953
0.0078898
0.011586
0.010258
0.0071554
0.017101
0.012775
0.012367
0.01526
0.018838
0.023814
0.011757
0.022174
0.015882
0.015451
0.015896
0.023411
0.020311
0.023534
0.024585
0.022492
0.021487
0.022882
0.0205
0.024308
0.022641
0.017354
0.024695
0.026797
0.025287
0.019489
0.021165
0.024166
0.027841
0.02559
0.024946
0.019377
0.023005
0.022249
0.017872
0.018149
0.026597
0.017291
0.01428
0.023331
0.025883
0.026781
0.027831
0.023484
0.024267
0.02396
0.020703
0.024768
0.024878
0.023773
0.026394
0.016513
0.021329
0.021801
0.01407
0.020678
0.017454
0.021352
0.013767
0.026191
0.02217
0.023344
0.023927
0.02807
0.017748
0.017631
0.022148
0.025613
0.018858
0.025214
0.017809
0.026499
0.018534
0.02436
0.027066
0.017612
0.025545
0.021251
0.022799
0.02363
0.019921
0.010724
0.017809
0.021494
0.019524
0.01863
0.018313
0.012356
0.019351
0.019366
0.023388
0.020192
0.018172
0.02234
0.020343
0.015877
0.022018
0.022417
0.015118
0.022924
0.018259
0.023143
0.015354
0.022481
0.021022
0.020592
0.021904
0.017802
0.02043
0.021844
0.017929
0.02062
0.018971
0.020181
0.020021
0.018243
0.016044
0.019832
0.020958
0.02103
0.020733
0.01992
0.017627
0.01396
0.016416
0.014017
0.019195
0.019839
0.017958
0.021136
0.01931
0.021612
0.011386
0.0073324
0.0072118
0.007866
0.0086508
0.006008
0.0074467
0.010337
0.0081829
0.0085188
0.0067272
0.0060952
0.0051075
0.011008
0.0083007
0.008494
0.012854
0.0087859
0.012571
0.012591
0.0086132
0.0090802
0.014003
0.013517
0.01272
0.0039487
0.0065539
0.012061
0.012719
0.01951
0.021587
0.01094
0.017145
0.0084017
0.0072408
0.0088432
0.0094283
0.0089391
0.0088404
0.0075654
0.0076332
0.0059489
0.008738
0.0094965
0.0058158
0.0078181
0.011279
0.0081657
0.0071834
0.0085918
0.00767
0.0075105
0.0070248
0.0083198
0.007924
0.0072109
0.007023
0.0087794
0.0064515
0.0066655
0.0077005
0.0073983
0.010178
0.010829
0.0076953
0.0067537
0.0078123
0.012379
0.0083322
0.010851
0.0083121
0.0099049
0.012443
0.0095314
0.013586
0.0028797
0.0037068
0.0034625
0.0035242
0.01212
0.0072429
0.0049695
0.0058372
