0.0040469
0.0023944
0.0092995
0
0.004979
0.0040732
0.0026235
0.0035223
0.0036926
0.0033504
0.012382
0.01308
0.0053505
0.0052544
0.0048194
0.0050999
0.0068221
0.011972
0.0077488
0.0076188
0.010192
0.005587
0.0041454
0.0038898
0.0041213
0.0044114
0.0058489
0.0058455
0.003845
0.0057271
0.0048282
0.0044842
0.010435
0.0052525
0.0063313
0.017003
0.0054479
0.0049468
0.0045589
0.0043673
0.0045681
0.00645
0.0061339
0.0062173
0.0065588
0.0057262
0.0071766
0.0065259
0.0065796
0.004974
0.0056596
0.0054796
0.0066556
0.0054978
0.0044875
0.0040963
0.0046587
0.0043728
0.0040144
0.0039523
0.004407
0.0051853
0.0046157
0.0040957
0.0077632
0.0067288
0.0090908
0.0072708
0.0084789
0.0062629
0.0079136
0.0059708
0.0047358
0.0076923
0.0091686
0.0082668
0.0099836
0.0065208
0.0060929
0.0080622
0.0064272
0.006214
0.0057179
0.0052469
0.0053728
0.0048457
0.0083197
0.0051375
0.008493
0.010274
0.0089157
0.010547
0.0097753
0.0096045
0.010198
0.0081328
0.0090469
0.0070531
0.009132
0.0070463
0.0052414
0.0053387
0.0087689
0.0042137
0.005851
0.013985
0.00582
0.0058103
0.0074651
0.0070483
0.0055823
0.00981
0.0085599
0.0079055
0.0080977
0.0078338
0.0065106
0.0073569
0.0071532
0.010573
0.010643
0.007744
0.010219
0.010082
0.0092785
0.0081851
0.010236
0.0098474
0.0095786
0.010293
0.0091105
0.0077107
0.0089743
0.0093916
0.0074826
0.0088573
0.0095402
0.011094
0.0079374
0.010596
0.010915
0.008603
0.0075753
0.0050592
0.0091051
0.0065439
0.013218
0.0053201
0.0083267
0.0043942
0.0066797
0.0046694
0.0082229
0.0049963
0.017506
0.0045467
0.0049487
0.0068288
0.0039001
0.004891
0.00776
0.0064327
0.0033407
0.0080062
0.0043427
0.0053952
0.0046043
0.0073921
0.0075852
0.014898
0.0078978
0.008392
0.0061588
0.0088121
0.0065423
0.011658
0.00729
0.0086532
0.0060723
0.007171
0.0088083
0.0078424
0.0066719
0.0059258
0.0096113
0.0089753
0.010285
0.0048882
0.0062189
0.01148
0.0086823
0.007197
0.011937
0.009632
0.0089937
0.011947
0.0104
0.01242
0.0096133
0.0088227
0.0091445
0.0080595
0.0092459
0.0082725
0.01102
0.0081125
0.0078469
0.009528
0.0076889
0.0096709
0.0058762
0.0077482
0.0066456
0.0091094
0.0078856
0.0078067
0.0084164
0.0068954
0.0096715
0.0086271
0.0080533
0.0081218
0.012196
0.011669
0.0095734
0.010372
0.010555
0.011546
0.012136
0.011745
0.011662
0.012182
0.010055
0.011593
0.011318
0.0095432
0.011686
0.0059864
0.0093302
0.0069804
0.0068623
0.0080434
0.0086019
0.010526
0.010395
0.0092987
0.0070391
0.010177
0.0058343
0.00606
0.0081329
0.010745
0.012391
0.0054326
0.0062417
0.0087114
0.0099877
0.0063839
0.010309
0.0094381
0.0093087
0.0097768
0.011668
0.010579
0.0098633
0.0078073
0.010886
0.011154
0.0063618
0.0092788
0.008041
0.0069776
0.0060988
0.0052434
0.0043649
0.0071892
0.008762
0.013852
0.0064544
0.0073236
0.0046693
0.012352
0.0039679
0.0089489
0.0066754
0.0038911
0.0081494
0.0027533
0.010008
0.0033745
0.0023153
0.010313
0.0092816
0.0084223
0.0085425
0.0069521
0.0087139
0.006601
0.0066003
0.0073544
0.007025
0.0071289
0.015523
0.0071281
0.0059847
0.0061436
0.019653
0.0043715
0.008116
0.003047
0.0033864
0.0079005
0.004963
0.0049372
0.0082153
0.0073256
0.0032201
0.0078655
0.0028783
0.0077967
0.010282
0.002892
0.0032395
0.0072841
0.0066775
0.010906
0.0026035
0.0063088
0.0066561
0.014145
0.0064625
0.0055268
0.0063861
0.011013
0.014073
0.0077318
0.011575
0.012417
0.0066606
0.013402
0.0042458
0.012994
0.0051652
0.0097694
0.017437
0.0054757
0.0050963
0.012848
0.018304
0.013858
0.0051976
0.011346
0.0069476
0.0069753
0.015043
0.01512
0.012541
0.016992
0.010641
0.01492
0.012104
0.012336
0.014337
0.013155
0.0081837
0.0095674
0.0071865
0.01142
0.01167
0.0062096
0.01225
0.012311
0.0096706
0.0096987
0.0082429
0.014649
0.010523
0.010903
0.012144
0.012298
0.014755
0.014538
0.012997
0.013075
0.013222
0.015004
0.013638
0.013723
0.013092
0.011687
0.01745
0.015044
0.01567
0.013817
0.0097664
0.0021351
0.009594
0.0051723
0.0094157
0.0072647
0.0031665
0.010746
0.011179
0.0026353
0.01581
0.0046868
0.013078
0.0044696
0.013379
0.0097421
0.012616
0.0087225
0.0095815
0.015164
0.016873
0.016716
0.013897
0.014963
0.016392
0.013917
0.015609
0.017299
0.01713
0.014999
0.015323
0.0058507
0.0093658
0.0080181
0.0037219
0.0033138
0.0097424
0.012591
0.0062518
0.013626
0.015469
0.013327
0.0092432
0.01313
0.013406
0.016515
0.016316
0.019949
0.01612
0.018137
0.018226
0.016974
0.013114
0.015904
0.016289
0.010445
0.015128
0.017371
0.016744
0.015777
0.016402
0.012736
0.013469
0.017406
0.00071886
0.0036544
0.0036179
0.0010688
0.0044061
0.0029279
0.0058158
0.0041668
0.0016357
0.0038257
0.0037645
0.0061548
0.0057092
0.0086513
0.010439
0.0082364
0.0050431
0.0038142
0.0058707
0.0064956
0.0060478
0.0061499
0.0038269
0.010831
0.0059155
0.010101
0.0048181
0.0093373
0.012035
0.0056256
0.0049946
0.0083936
0.010738
0.0069563
0.01107
0.012502
0.013629
0.014638
0.010009
0.0093004
0.0065289
0.0073576
0.0055595
0.0067993
0.0059631
0.0082524
0.0064246
0.0067572
0.0097164
0.0088636
0.010747
0.013736
0.015104
0.01267
0.01193
0.0098355
0.010384
0.012049
0.014616
0.014276
0.01279
0.014719
0.012494
0.013309
0.012943
0.01545
0.015676
0.014788
0.012762
0.01344
0.01291
0.0043743
0.00899
0.004856
0.0081734
0.008981
0.010477
0.014612
0.014568
0.010957
0.01281
0.014125
0.016646
0.015535
0.015544
0.013986
0.015447
0.0042529
0.0046532
0.01394
0.014648
0.015709
0.01303
0.011722
0.014498
0.015797
0.01498
0.0055215
0.010233
0.011007
0.0092382
0.006024
0.0050111
0.008028
0.0099569
0.013097
0.012001
0.011191
0.012206
0.0088768
0.011214
0.0064098
0.008076
0.0067234
0.0089304
0.0081599
0.0077081
0.0072093
0.0089844
0.0077306
0.0093796
0.0077341
0.0085143
0.0081255
0.0072796
0.0076038
0.0082313
0.0079813
0.0066503
0.008269
0.0072552
0.0074894
0.005679
0.0083618
0.0093427
0.0073744
0.0095487
0.0066544
0.005601
0.0071768
0.0077918
0.0067578
0.0087969
0.0078909
0.0091041
0.007977
0.007531
0.0074419
0.0098615
0.0095319
0.0072767
0.0068147
0.006448
0.0074927
0.0066526
0.0057354
0.0087049
0.0065248
0.0078999
0.0065486
0.0079288
0.0080161
0.007103
0.0078963
0.0064293
0.0087422
0.0082779
0.0094519
0.0056482
0.0069345
0.0075608
0.0090064
0.008974
0.0089084
0.0063306
0.010668
0.0082195
0.0077745
0.0064449
0.010504
0.0055866
0.0095376
0.011346
0.008025
0.0079851
0.010639
0.011691
0.010252
0.010972
0.0090259
0.006358
0.011863
0.0058886
0.009799
0.012179
0.011931
0.0094594
0.010893
0.012885
0.010169
0.012809
0.011206
0.0085879
0.015761
0.010345
0.0082566
0.0080637
0.0089497
0.0063851
0.0093692
0.0082823
0.0089812
0.010749
0.0099864
0.0075928
0.010811
0.010526
0.01105
0.0083375
0.0085112
0.011124
0.0090716
0.0087346
0.0098155
0.01089
0.010222
0.0089069
0.010481
0.0084951
0.0093454
0.0093802
0.0085292
0.01015
0.0089704
0.0093421
0.0084862
0.0080552
0.0067905
0.0090793
0.010741
0.0086115
0.0099887
0.0068516
0.0095591
0.011793
0.0086443
0.0082672
0.011057
0.0099592
0.010664
0.009377
0.010645
0.014271
0.01061
0.009166
0.011685
0.014409
0.010986
0.012258
0.0095314
0.010606
0.011062
0.010493
0.010796
0.011385
0.0089634
0.012279
0.012715
0.010486
0.011276
0.010516
0.0093954
0.010263
0.0077809
0.011233
0.0077204
0.0067105
0.0089837
0.0092908
0.0102
0.0093321
0.010141
0.0094219
0.0088841
0.010342
0.0099765
0.008593
0.0084095
0.0050689
0.0055835
0.0049872
0.0086677
0.0070532
0.0062673
0.0030903
0.0061313
0.0059499
0.0033957
0.0048179
0.0068837
0.0075249
0.0067365
0.0068933
0.0068989
0.0058138
0.0062203
0.0078934
0.00853
0.0091197
0.0097665
0.0090877
0.017948
0.0052847
0.0073687
0.017782
0.0091694
0.010498
0.009574
0.008751
0.011028
0.01016
0.0094733
0.0081511
0.0093436
0.0093821
0.010028
0.009837
0.0097151
0.0073341
0.0081005
0.0099286
0.011694
0.0098098
0.010363
0.011506
0.0084251
0.010005
0.0033977
0.0078346
0.0077737
0.010114
0.0097824
0.0096826
0.010226
0.01094
0.0074587
0.010062
0.01064
0.011055
0.01332
0.013036
0.0034614
0.004839
0.0053443
0.0046402
0.0048412
0.0036559
0.0059643
0.0050029
0.0086171
0.0025101
0.0065395
0.0066323
0.0051194
0.0073585
0.007951
0.0091235
0.01141
0.0078018
0.011257
0.0092575
0.0074479
0.0095398
0.010008
0.0083344
0.0088962
0.0082427
0.0073004
0.016413
0.0087666
0.0057622
0.0060799
0.015466
0.0053376
0.0058915
0.014548
0.0063474
0.01057
0.010604
0.0053187
0.0051713
0.006758
0.0067913
0.0084263
0.0068756
0.0064695
0.0079114
0.011337
0.00833
0.0048034
0.0091957
0.0091852
0.0092274
0.010716
0.0084831
0.0068744
0.0065802
0.0097944
0.010565
0.011654
0.013475
0.011969
0.012223
0.014043
0.011567
0.0086645
0.011621
0.012474
0.015071
0.014561
0.0072318
0.008022
0.0090843
0.010612
0.0097252
0.011183
0.010803
0.0094446
0.011652
0.01451
0.011004
0.01237
0.015018
0.012058
0.012615
0.012615
0.014867
0.01386
0.012563
0.011685
0.015656
0.011695
0.012127
0.01169
0.016276
0.016826
0.016077
0.018473
0.01281
0.013258
0.010313
0.012934
0.014652
0.013624
0.012397
0.01478
0.011769
0.01379
0.013452
0.010614
0.014581
0.01419
0.013162
0.014761
0.015253
0.016303
0.015075
0.01411
0.016267
0.014901
0.015347
0.016409
0.01589
0.017138
0.015921
0.014251
0.020873
0.01741
0.018434
0.017236
0.0095981
0.00826
0.011881
0.010076
0.010089
0.01138
0.017178
0.012229
0.011109
0.011984
0.0098603
0.010345
0.011099
0.0069381
0.0068201
0.0059649
0.0062253
0.0085824
0.0089383
0.0067653
0.012103
0.0076538
0.00943
0.0101
0.011219
0.011169
0.0099572
0.009028
0.0074018
0.0081663
0.0083169
0.0080605
0.0094621
0.010808
0.0088199
0.007777
0.0069888
0.0055004
0.0042908
0.010581
0.0065559
0.007983
0.0081189
0.0067115
0.0075911
0.0082459
0.0076268
0.0071906
0.0059279
0.0080568
0.0059887
0.0039086
0.0067616
0.010441
0.0064122
0.007228
0.011546
0.015603
0.010471
0.01294
0.01069
0.011716
0.012552
0.008945
0.011576
0.0084006
0.010318
0.011296
0.015473
0.0087724
0.0076148
0.0057714
0.0088201
0.0078703
0.0060154
0.0086417
0.0087957
0.0097095
0.0095784
0.011686
0.012948
0.0112
0.014412
0.010064
0.0063318
0.0066042
0.011492
0.0088536
0.0066283
0.0094989
0.010603
0.0078069
0.0084525
0.010826
0.0086231
0.0079168
0.0080843
0.010237
0.010542
0.007922
0.010581
0.0096869
0.010827
0.011064
0.0092649
0.007804
0.010363
0.0097771
0.011548
0.012525
0.010269
0.010423
0.012139
0.010297
0.011097
0.010492
0.010436
0.013348
0.011972
0.010396
0.013623
0.014056
0.011408
0.010531
0.012476
0.008103
0.010421
0.0098335
0.0085295
0.0096085
0.008602
0.010216
0.010131
0.011068
0.0093702
0.010325
0.011106
0.009588
0.012415
0.0083507
0.0090856
0.0087032
0.0086304
0.0098002
0.0088944
0.0096903
0.0071626
0.0092526
0.0070647
0.0079467
0.0086598
0.0097101
0.0084322
0.0084978
0.0084156
0.0072063
0.007693
0.0091277
0.0087276
0.0095756
0.0086919
0.01532
0.0090036
0.0086215
0.0098012
0.014884
0.014178
0.007734
0.0079402
0.010318
0.0092113
0.013878
0.012784
0.0087524
0.0084911
0.0083657
0.0080328
0.011536
0.014639
0.014194
0.016148
0.014906
0.01597
0.012642
0.014556
0.015223
0.012582
0.016559
0.012412
0.011939
0.015695
0.015322
0.013724
0.014126
0.013044
0.0091533
0.014827
0.011108
0.005657
0.012572
0.012933
0.012466
0.01303
0.0073437
0.0085587
0.0091222
0.0087901
0.008019
0.010108
0.011137
0.0096751
0.01113
0.0078959
0.010708
0.0086857
0.009646
0.012503
0.007259
0.010526
0.012066
0.010549
0.0092781
0.0079754
0.0094568
0.0096987
0.0097665
0.012399
0.01099
0.0098214
0.012092
0.011478
0.010634
0.0112
0.010547
0.010556
0.01281
0.012841
0.014177
0.010709
0.010285
0.013046
0.011322
0.012905
0.010347
0.010283
0.012415
0.010725
0.012762
0.011905
0.011221
0.0092505
0.0049458
0.0057703
0.004462
0.0067145
0.0055357
0.0037941
0.004814
0.0046341
0.0084052
0.010072
0.0059083
0.009746
0.0050342
0.0047382
0.0065388
0.010751
0.0074751
0.005717
0.0055585
0.0060183
0.0059372
0.0048358
0.0077473
0.0058
0.01046
0.011024
0.013357
0.010308
0.011656
0.01017
0.0084904
0.012467
0.010692
0.0096447
0.011285
0.013629
0.0095255
0.010677
0.011214
0.010803
0.013762
0.014903
0.011638
0.010708
0.0053106
0.004271
0.0045152
0.0042804
0.0042678
0.0061808
0.0043494
0.003974
0.0048105
0.0069366
0.0061705
0.0069591
0.0043974
0.003548
0.0044535
0.0080771
0.0042114
0.0060769
0.0056186
0.0061438
0.0054487
0.0057053
0.0051587
0.0075209
0.0057567
0.0085811
0.014762
0.0071762
0.0063493
0.013221
0.015178
0.012913
0.012993
0.015801
0.017363
0.013491
0.013081
0.013106
0.010298
0.011413
0.011602
0.0099168
0.012061
0.0060452
0.0075801
0.0079839
0.00675
0.0065629
0.0085248
0.0082749
0.0078887
0.0066894
0.007406
0.0056726
0.0065139
0.0055184
0.0055755
0.0056917
0.0051515
0.0045892
0.0052332
0.004114
0.0044167
0.0031024
0.0040238
0.0040047
0.002902
0.0032987
0.0057063
0.0050489
0.0023616
0.010686
0.0041366
0.0021825
0.010481
0.0072491
0.0078444
0.011579
0.0076489
0.0082171
0.012439
0.0098603
0.0087949
0.0097648
0.014688
0.0085804
0.0085066
0.0095473
0.011374
0.015774
0.011372
0.015959
0.012904
0.018264
0.017088
0.018381
0.016895
0.013905
0.010865
0.015415
0.016661
0.016757
0.014777
0.015996
0.0092817
0.010879
0.010716
0.0087523
0.0094359
0.011198
0.010932
0.011137
0.009232
0.010615
0.010252
0.012573
0.0097067
0.011579
0.009265
0.0080741
0.003333
0.0052098
0.0021851
0.0032628
0.0012115
0.0043206
0.0016044
0.0049488
0.0031165
0.0012404
0.0050389
0.0053257
0.0031464
0.0070262
0.0024261
0.011119
0.0029278
0.010025
0.0031506
0.010836
0.015193
0.015651
0.014644
0.011877
0.013581
0.015793
0.014972
0.014804
0.015761
0.017119
0.017425
0.014599
0.016746
0.018787
0.015996
0.015945
0.018218
0.017293
0.016402
0.020837
0.016665
0.016349
0.019283
0.012139
0.0093524
0.011113
0.011967
0.011092
0.011194
0.0094363
0.0088365
0.010359
0.010707
0.011279
0.0098636
0.0070868
0.010649
0.013645
0.012551
0.011233
0.014193
0.012297
0.013377
0.013392
0.014869
0.011941
0.017008
0.017257
0.0099445
0.014415
0.011324
0.017142
0.01431
0.013501
0.01321
0.015419
0.012287
0.014305
0.016572
0.016207
0.016607
0.016519
0.013589
0.012045
0.017375
0.014834
0.015315
0.018399
0.016143
0.016035
0.01607
0.014318
0.014917
0.013472
0.020458
0.020732
0.018229
0.019302
0.01705
0.015867
0.01519
0.019062
0.015381
0.01456
0.016903
0.015297
0.01583
0.017155
0.018133
0.013776
0.011153
0.014812
0.012909
0.013204
0.013851
0.014571
0.013483
0.017791
0.017834
0.011893
0.013625
0.012827
0.012538
0.011463
0.018295
0.014196
0.015955
0.014434
0.015914
0.014578
0.015364
0.016232
0.013287
0.014542
0.01364
0.013919
0.014377
0.015331
0.016307
0.01371
0.012042
0.014514
0.014192
0.014335
0.016242
0.013447
0.011643
0.013285
0.012549
0.012598
0.0091395
0.01047
0.014039
0.014822
0.010241
0.012798
0.0092391
0.011734
0.015339
0.014664
0.012356
0.011279
0.012743
0.011001
0.012019
0.014095
0.012586
0.01137
0.013058
0.01857
0.013114
0.011392
0.0093884
0.0079985
0.0098567
0.0099935
0.0095639
0.0090103
0.0087648
0.0087742
0.0092902
0.0091156
0.0081848
0.010595
0.0098506
0.011465
0.01233
0.012991
0.010412
0.0088112
0.0093503
0.01151
0.007541
0.012281
0.009885
0.012736
0.010328
0.013991
0.013214
0.0082571
0.012166
0.013175
0.015058
0.0097315
0.014974
0.0055151
0.0067242
0.0094934
0.0072576
0.0092872
0.0076854
0.0074997
0.012595
0.007153
0.0079379
0.010885
0.010643
0.011154
0.010241
0.012502
0.010118
0.0099963
0.0089745
0.010264
0.0093402
0.014452
0.0090412
0.014008
0.013762
0.013485
0.016085
0.014575
0.016451
0.014351
0.017082
0.017567
0.0090568
0.0090977
0.0092555
0.008536
0.011163
0.010131
0.0084803
0.010239
0.0097339
0.0097287
0.012432
0.01237
0.0092091
0.0095368
0.0088717
0.0075195
0.0099504
0.011709
0.0086456
0.012436
0.012261
0.010042
0.0072839
0.0085417
0.012512
0.010108
0.010586
0.0075858
0.010591
0.0066835
0.008265
0.0077551
0.0078437
0.0082982
0.0091302
0.0070911
0.0085258
0.0078233
0.0079836
0.0084331
0.0096993
0.010089
0.0069567
0.0087076
0.0098324
0.0066816
0.0079126
0.0080239
0.0090562
0.0082274
0.0070536
0.0085233
0.0080973
0.0075072
0.0066528
0.0077576
0.0072649
0.0080448
0.0093111
0.0070489
0.0089037
0.0092861
0.0078885
0.0090205
0.0067161
0.010121
0.0077725
0.0070637
0.011199
0.0069311
0.0076005
0.011023
0.0093905
0.0072819
0.0074236
0.0065774
0.010534
0.0078424
0.0079932
0.010037
0.013644
0.011222
0.0072842
0.0096459
0.0062411
0.0040153
0.0088568
0.0061971
0.0076448
0.0064012
0.010112
0.0065982
0.0058396
0.0058262
0.0067706
0.0062106
0.005803
0.0071707
0.0066918
0.0063175
0.0086167
0.0080445
0.0074188
0.0068949
0.0088703
0.0096336
0.0085935
0.0069567
0.0075258
0.0065417
0.007951
0.0067536
0.0094404
0.0070964
0.0065295
0.0071014
0.0084521
0.0088598
0.0093668
0.0082757
0.011903
0.0068102
0.0103
0.016349
0.014768
0.010177
0.015258
0.0085433
0.013736
0.010314
0.015978
0.0093594
0.0074009
0.011763
0.017257
0.015714
0.0089431
0.013857
0.016913
0.0089803
0.010427
0.0066533
0.015263
0.0088875
0.014165
0.0089767
0.012926
0.0075242
0.010215
0.0081446
0.012228
0.0074989
0.0066421
0.0098052
0.010969
0.0086855
0.0079689
0.010475
0.0077927
0.010403
0.01032
0.011253
0.010498
0.0068217
0.0081695
0.013202
0.006979
0.013214
0.011346
0.0082762
0.0069139
0.011594
0.011504
0.011339
0.014193
0.017271
0.010564
0.01488
0.011809
0.014848
0.01452
0.016651
0.012356
0.014172
0.01353
0.014909
0.014282
0.0085495
0.010094
0.011737
0.0097809
0.015418
0.010814
0.013259
0.011224
0.011418
0.0125
0.012541
0.012767
0.012756
0.013648
0.0089514
0.0072658
0.0081225
0.0080117
0.0070434
0.008535
0.0087338
0.0089488
0.0084675
0.010413
0.0087491
0.0088574
0.0097218
0.0069336
0.0092696
0.0089469
0.0084052
0.0082245
0.0096471
0.0089028
0.016429
0.013288
0.014114
0.013112
0.015787
0.015935
0.014206
0.011121
0.014636
0.010609
0.011668
0.01091
0.011428
0.012614
0.012229
0.011833
0.011753
0.0074689
0.0065053
0.01009
0.00825
0.0079533
0.0092948
0.0098836
0.011354
0.01152
0.011078
0.010556
0.011065
0.0084085
0.0085278
0.010616
0.011638
0.0093117
0.013089
0.011619
0.012834
0.012195
0.011846
0.010076
0.010573
0.013015
0.0104
0.0096037
0.012578
0.011397
0.0096309
0.0099166
0.011267
0.012272
0.010135
0.011761
0.0069518
0.0065875
0.0089007
0.010607
0.011824
0.0062253
0.0062096
0.0059584
0.0057876
0.0071229
0.0044905
0.0067496
0.00369
0.0048829
0.0095357
0.0048128
0.0041804
0.0045516
0.006049
0.0048632
0.0092239
0.012929
0.012711
0.012461
0.013697
0.013441
0.0097714
0.01231
0.0092266
0.012679
0.0086186
0.0099709
0.013632
0.013265
0.0082251
0.011561
0.0096742
0.0093204
0.016517
0.0067782
0.0069451
0.0073449
0.0082231
0.0076355
0.010848
0.013223
0.013967
0.011619
0.011976
0.012243
0.012995
0.0128
0.0090463
0.012642
0.012685
0.011681
0.012258
0.012498
0.012077
0.018752
0.010863
0.012155
0.012542
0.0092753
0.010074
0.015749
0.0072675
0.0036974
0.0064163
0.0055325
0.007447
0.0044036
0.0081298
0.0053311
0.010249
0.0076685
0.0058715
0.0066513
0.0085066
0.0050861
0.0082567
0.0046941
0.0063476
0.0074633
0.0068264
0.0069816
0.0066223
0.0092227
0.0071089
0.0084575
0.0067321
0.0093752
0.0076129
0.0086218
0.0062481
0.005292
0.01076
0.014098
0.010328
0.014527
0.011294
0.012082
0.012518
0.012438
0.011589
0.0081451
0.0085919
0.013365
0.012671
0.013744
0.011391
0.012662
0.013051
0.020254
0.0084926
0.0082147
0.01183
0.0097054
0.008611
0.0093311
0.0073208
0.01029
0.010355
0.006327
0.0069585
0.0091329
0.0063147
0.0061092
0.0077674
0.0071004
0.0075302
0.0072463
0.0074804
0.0082634
0.0084977
0.009821
0.0078669
0.0050144
0.0062075
0.0060088
0.0061605
0.0076381
0.014131
0.0079549
0.014435
0.013699
0.014976
0.014535
0.014187
0.015428
0.015929
0.014672
0.010817
0.0135
0.020106
0.018234
0.018919
0.012926
0.016154
0.016539
0.019332
0.015176
0.019129
0.02
0.019222
0.02031
0.018985
0.022725
0.020581
0.019587
0.020448
0.019501
0.0075841
0.010934
0.010395
0.011063
0.0081697
0.0096403
0.0097477
0.0088713
0.0083208
0.0083419
0.0086518
0.0083693
0.010531
0.010164
0.01102
0.010552
0.017648
0.017462
0.017945
0.020875
0.019098
0.019979
0.018256
0.020708
0.019241
0.017362
0.016524
0.019736
0.022804
0.017931
0.021027
0.022908
0.02223
0.022095
0.017357
0.018863
0.01882
0.021297
0.021092
0.021575
0.023789
0.024562
0.024113
0.019743
0.017415
0.022673
0.021647
0.022985
0.022068
0.0246
0.020038
0.020068
0.019355
0.0098625
0.01726
0.020425
0.017151
0.020255
0.01506
0.013843
0.0096453
0.010351
0.0096325
0.0091494
0.0090684
0.0075222
0.0098999
0.0096475
0.0096021
0.010939
0.009782
0.008538
0.010389
0.011413
0.013233
0.011004
0.01302
0.011985
0.013833
0.014564
0.024279
0.023567
0.022495
0.026231
0.0254
0.026235
0.027091
0.02469
0.022112
0.023777
0.018604
0.022899
0.013534
0.015404
0.023701
0.024215
0.028432
0.024788
0.024254
0.023315
0.024717
0.021114
0.022446
0.020922
0.019432
0.015571
0.0178
0.018121
0.014882
0.024079
0.020116
0.021761
0.014777
0.021118
0.021855
0.011962
0.0093557
0.014449
0.01564
0.013083
0.014702
0.011475
0.010382
0.010517
0.0096304
0.011532
0.0086743
0.012927
0.011522
0.013401
0.013343
0.010599
0.010347
0.0088625
0.011254
0.012824
0.011281
0.010144
0.011045
0.011959
0.012222
0.01134
0.012998
0.014595
0.013372
0.014049
0.012214
0.012354
0.015185
0.015173
0.015682
0.016845
0.015256
0.013126
0.016928
0.014854
0.011505
0.012002
0.011834
0.010591
0.013642
0.014756
0.013338
0.013773
0.013652
0.016091
0.015431
0.017308
0.018881
0.012364
0.014845
0.01294
0.012162
0.012688
0.010515
0.012127
0.010812
0.0099697
0.01054
0.012751
0.010625
0.011074
0.013827
0.012828
0.012187
0.01296
0.019033
0.012532
0.011892
0.0088432
0.011945
0.012934
0.0095403
0.013702
0.0113
0.01185
0.011166
0.010226
0.011071
0.013259
0.010087
0.012615
0.012274
0.013173
0.012868
0.015825
0.013763
0.013113
0.014934
0.010385
0.013542
0.013952
0.010964
0.012947
0.015677
0.01399
0.012382
0.0169
0.020891
0.018916
0.019921
0.015427
0.019841
0.016545
0.016246
0.015965
0.019716
0.015881
0.015304
0.016565
0.013623
0.015224
0.016496
0.012901
0.019523
0.02075
0.010858
0.014378
0.01355
0.017965
0.018204
0.014797
0.018687
0.014736
0.019155
0.020025
0.019881
0.015705
0.018033
0.013803
0.0151
0.019233
0.010559
0.017554
0.014212
0.0072079
0.010665
0.010545
0.011197
0.0092994
0.012873
0.0081392
0.020067
0.020594
0.025943
0.023794
0.021388
0.019322
0.018222
0.016341
0.022564
0.023305
0.017133
0.016508
0.022523
0.022662
0.024478
0.020722
0.015835
0.024696
0.015797
0.013027
0.014928
0.020847
0.019688
0.0081961
0.0072846
0.0083754
0.013207
0.013258
0.0056342
0.0092021
0.0065555
0.013826
0.0091025
0.00526
0.0091899
0.020397
0.016987
0.014317
0.014547
0.013474
0.0069974
0.0172
0.010545
0.012404
0.011527
0.012062
0.015469
0.0093148
0.018672
0.010536
0.015282
0.013264
0.013941
0.010068
0.01025
0.012427
0.014275
0.015518
0.012307
0.0092444
0.0094143
0.011353
0.011333
0.0093816
0.010036
0.01037
0.010502
0.010094
0.010513
0.0079079
0.010558
0.012501
0.012445
0.010472
0.011866
0.014105
0.01095
0.0095565
0.0073343
0.0065529
0.0088513
0.009903
0.0087719
0.010897
0.0096356
0.0095731
0.0086754
0.0083989
0.0077841
0.0090914
0.011695
0.0088615
0.0085177
0.0062069
0.0059517
0.0062307
0.0063244
0.0081776
0.0060868
0.0024254
0.0010319
0.0023251
0.0022914
0.0044929
0.0044108
0.00064072
0.0017395
0.0021675
0.0019081
0.0058378
0.0064776
0.0058674
0.0039551
0.0055365
0.0043779
0.0060321
0.0043896
0.0087727
0.0050604
0.009209
0.010676
0.011397
0.0098178
0.011101
0.010244
0.0095422
0.0099505
0.010437
0.0091838
0.01009
0.010413
0.0083772
0.010302
0.0069966
0.010629
0.0095724
0.0081474
0.0095822
0.0086229
0.0079631
0.0090412
0.0083086
0.0062845
0.0067284
0.0083816
0.0085421
0.011304
0.0098613
0.010254
0.0099669
0.0093586
0.0092439
0.0082836
0.0094817
0.014065
0.0070003
0.0096139
0.010002
0.0091584
0.0096538
0.010385
0.010405
0.0069763
0.0076025
0.0055667
0.006863
0.006923
0.009348
0.0099954
0.010205
0.0094678
0.0097927
0.009563
0.010286
0.009453
0.0098969
0.0091222
0.0083132
0.01131
0.0077776
0.0083718
0.0080252
0.01077
0.010293
0.0074619
0.0074653
0.0098656
0.012029
0.0056744
0.011588
0.011442
0.0090007
0.014408
0.010085
0.011465
0.010012
0.013906
0.013294
0.0085318
0.010894
0.011036
0.0098224
0.01121
0.011617
0.014211
0.0096938
0.0095532
0.013933
0.0097286
0.012761
0.013168
0.013888
0.014936
0.011867
0.011563
0.01154
0.007868
0.00723
0.010797
0.014919
0.0092913
0.0093563
0.01028
0.011327
0.0079257
0.010766
0.0073593
0.0094429
0.0088775
0.0092065
0.010494
0.0097429
0.009471
0.012046
0.0096683
0.010219
0.0087506
0.0089707
0.010584
0.01393
0.012687
0.013356
0.012857
0.01286
0.0085813
0.007616
0.0088546
0.010869
0.0080328
0.0069901
0.0099506
0.0085093
0.0089787
0.0089231
0.011516
0.011662
0.0092262
0.010829
0.0094498
0.011566
0.01481
0.011068
0.012293
0.013206
0.012929
0.013039
0.0075214
0.0074745
0.0077501
0.0075188
0.0052815
0.010669
0.0074289
0.011292
0.0095506
0.0070297
0.0069037
0.0062269
0.0051223
0.006825
0.0055855
0.0061473
0.0091045
0.0064436
0.0076413
0.0066775
0.0063879
0.007436
0.0073298
0.0058957
0.0069688
0.0063666
0.0062688
0.0081631
0.0074506
0.0051566
0.0047006
0.0087527
0.010844
0.0097117
0.0097945
0.0079941
0.0078778
0.0098731
0.010869
0.010238
0.01087
0.010236
0.0074053
0.0092397
0.0099442
0.0097807
0.010073
0.010701
0.0097646
0.010031
0.012311
0.0078453
0.0091855
0.0092415
0.011215
0.011615
0.0080634
0.010191
0.010098
0.0087773
0.0090751
0.0080828
0.012943
0.0087184
0.011093
0.011564
0.0094839
0.0044132
0.0090131
0.011381
0.0092965
0.01158
0.0088235
0.0064604
0.0077023
0.0097991
0.0078349
0.0073888
0.0094876
0.0097476
0.0096005
0.011235
0.01267
0.013098
0.013357
0.0098955
0.011046
0.0090994
0.01536
0.0093407
0.011146
0.014249
0.010469
0.0094707
0.012241
0.0081335
0.0142
0.0062889
0.0074879
0.010081
0.0059116
0.0061896
0.0062377
0.0096024
0.013677
0.01259
0.008893
0.013058
0.0086528
0.007758
0.012535
0.010013
0.014949
0.010022
0.01266
0.0085626
0.0086343
0.0055898
0.0069263
0.0094185
0.0097064
0.0094393
0.0094353
0.012181
0.011795
0.011224
0.012155
0.010897
0.0089487
0.010397
0.011102
0.0094863
0.0083139
0.0078648
0.0069164
0.0077022
0.0084744
0.018352
0.016643
0.01637
0.012893
0.015067
0.012381
0.0088411
0.0090208
0.0084036
0.012802
0.012642
0.01441
0.00922
0.013477
0.015728
0.011369
0.013596
0.011794
0.0106
0.010063
0.0099336
0.0090682
0.0094016
0.0099236
0.0080583
0.0091361
0.0068338
0.0084954
0.008976
0.0089711
0.0076848
0.018753
0.017182
0.016555
0.016935
0.013722
0.015882
0.014552
0.019132
0.013879
0.014937
0.012033
0.017779
0.013119
0.012139
0.017043
0.013205
0.011854
0.010759
0.01238
0.0092781
0.011393
0.012026
0.01101
0.0096102
0.009915
0.012404
0.012782
0.01016
0.010679
0.0096982
0.0094485
0.01022
0.0082548
0.0094835
0.0097229
0.012098
0.0087647
0.011981
0.013193
0.0099104
0.012905
0.0089468
0.013257
0.018704
0.017468
0.018145
0.018887
0.01737
0.018352
0.015641
0.020133
0.020266
0.016444
0.015153
0.011396
0.011422
0.014045
0.01409
0.014061
0.010893
0.014601
0.011853
0.011726
0.01003
0.013476
0.012669
0.0099901
0.0093054
0.010585
0.0097976
0.0098747
0.012141
0.010242
0.010729
0.011086
0.012216
0.012607
0.013455
0.014893
0.015844
0.014587
0.019353
0.013706
0.019694
0.015097
0.017142
0.021237
0.014607
0.017009
0.016545
0.016602
0.012891
0.013878
0.010723
0.010724
0.015758
0.010361
0.013616
0.02507
0.018504
0.014004
0.015076
0.014819
0.016566
0.01422
0.015612
0.012499
0.013282
0.012376
0.0092631
0.014044
0.012417
0.012578
0.013627
0.01118
0.012031
0.011525
0.014332
0.018064
0.021033
0.015533
0.020192
0.022161
0.015452
0.020167
0.018819
0.016325
0.017385
0.013219
0.01135
0.0049831
0.013156
0.01959
0.017677
0.015236
0.014079
0.010501
0.0093405
0.0045536
0.0062173
0.0093398
0.012303
0.0082077
0.0094805
0.011208
0.0066881
0.0051879
0.014143
0.01077
0.006929
0.0075928
0.0096185
0.010904
0.0055394
0.0059669
0.0067267
0.0088137
0.0084856
0.013115
0.010663
0.012453
0.012113
0.0096493
0.011456
0.0068868
0.0091198
0.011739
0.0057772
0.013786
0.0054885
0.012602
0.0070118
0.0063502
0.0044767
0.0026227
0.0079032
0.0016361
0.010348
0.011731
0.012419
0.012567
0.014202
0.013811
0.012359
0.0073571
0.0063117
0.0062451
0.0061194
0.0050138
0.0063764
0.0043433
0.0015117
0.0038791
0.0056666
0.006252
0.0016875
0.0034142
0.00078358
0.0011654
0.0040484
0.0053302
0.0026868
0.0050268
0.0021165
0.0022036
0.0066957
0.0036729
0.0022706
0.0064031
0.0066144
0.0068039
0.0054185
0.010525
0.0060022
0.0085471
0.0068017
0.015055
0.0096454
0.0099366
0.01143
0.0075799
0.0072182
0.010753
0.0096558
0.0082447
0.0090688
0.0077978
0.0067044
0.008804
0.0064453
0.0080428
0.0065307
0.0087461
0.006863
0.008017
0.0075132
0.0084936
0.0093996
0.0061777
0.0044258
0.007353
0.0039675
0.0050514
0.0062178
0.0060833
0.0054596
0.0061552
0.013571
0.0060033
0.0092337
0.013021
0.0057391
0.0056658
0.010798
0.012835
0.012462
0.0077079
0.012771
0.0069703
0.013468
0.013106
0.013198
0.016026
0.009266
0.014176
0.011554
0.013567
0.011739
0.0077192
0.0068775
0.0091003
0.0063119
0.0088435
0.0081395
0.0077395
0.0073067
0.0075025
0.0077421
0.0081374
0.0068567
0.0070614
0.0063011
0.0078091
0.0066512
0.0061443
0.0053646
0.0048464
0.0099642
0.014824
0.013821
0.0083341
0.015009
0.014024
0.014881
0.0062779
0.0098564
0.012829
0.0092033
0.013949
0.0064802
0.010551
0.014115
0.012193
0.013248
0.01273
0.010061
0.0091909
0.010191
0.0086994
0.0062924
0.0070752
0.0067114
0.0057943
0.0070793
0.0073006
0.0089972
0.0069089
0.0064814
0.0067159
0.0054803
0.0083093
0.0024267
0.0073121
0.0025819
0.008322
0.010782
0.012262
0.0092021
0.013398
0.014667
0.012277
0.011718
0.012495
0.0086455
0.0092491
0.0070203
0.0094068
0.0067319
0.0075907
0.0081982
0.0072232
0.0071144
0.0081858
0.011206
0.011557
0.012595
0.0071641
0.01271
0.010237
0.0041959
0.0031523
0.0054906
0.0033939
0.0039344
0.0033496
0.0044465
0.0048147
0.0048766
0.0047763
0.004137
0.0040847
0.0049002
0.0060871
0.0061876
0.0082944
0.0069428
0.0047579
0.0086354
0.0095175
0.007784
0.0092685
0.0066705
0.0066267
0.0072731
0.007277
0.0067998
0.0073335
0.0092267
0.0074175
0.005645
0.0087625
0.010284
0.011552
0.011508
0.010341
0.011949
0.010794
0.0057313
0.0060582
0.0086125
0.007536
0.0087435
0.006813
0.0095873
0.01094
0.0032283
0.004481
0.0042425
0.0047171
0.0047483
0.0046367
0.0085012
0.0053789
0.0052876
0.0079438
0.0054776
0.0053172
0.006767
0.0065182
0.0077133
0.0065765
0.0075478
0.0081476
0.009632
0.0097177
0.0081094
0.0084821
0.0088224
0.0098934
0.010142
0.0085435
0.010897
0.0098411
0.013954
0.0094057
0.0099556
0.011383
0.0071404
0.010897
0.011939
0.011134
0.012028
0.010457
0.011902
0.0099991
0.012689
0.012328
0.012337
0.010957
0.010942
0.014338
0.0057759
0.0072662
0.0081827
0.0075029
0.006809
0.0082306
0.0092635
0.0082112
0.0097634
0.010016
0.0082889
0.012538
0.010352
0.007308
0.0091806
0.010889
0.012775
0.01194
0.011101
0.014914
0.014782
0.015661
0.014272
0.014701
0.016299
0.012158
0.012705
0.010444
0.016661
0.013802
0.011551
0.011732
0.011847
0.0097713
0.011291
0.010237
0.0074347
0.0078784
0.011675
0.0089706
0.015029
0.0095032
0.011054
0.0094729
0.0080967
0.0085354
0.011167
0.0097621
0.013067
0.011796
0.010484
0.016232
0.008679
0.0085989
0.0088223
0.0083201
0.0085321
0.010464
0.0088142
0.0083568
0.0082698
0.010443
0.012027
0.012312
0.010028
0.010533
0.0096143
0.009698
0.011843
0.010308
0.01084
0.011981
0.010474
0.0094815
0.01029
0.0093401
0.011767
0.0090585
0.011822
0.01381
0.014377
0.010179
0.016251
0.0047109
0.012964
0.0094707
0.011373
0.010844
0.0092481
0.010839
0.011268
0.011095
0.0092525
0.011888
0.01036
0.0094223
0.010114
0.012446
0.011447
0.012338
0.013186
0.01361
0.014036
0.010413
0.012706
0.014022
0.011624
0.012324
0.010354
0.0096501
0.0093956
0.013087
0.011185
0.011102
0.012758
0.008193
0.010449
0.015488
0.014855
0.01298
0.014012
0.01519
0.014176
0.011836
0.0090055
0.011641
0.01244
0.012361
0.012372
0.011228
0.014741
0.016007
0.012919
0.011164
0.011643
0.012477
0.013648
0.012636
0.014321
0.010088
0.013589
0.01248
0.016856
0.008921
0.010142
0.010927
0.0084599
0.011659
0.013529
0.01369
0.013651
0.0145
0.016723
0.014551
0.012397
0.014745
0.0087988
0.012032
0.012207
0.0093928
0.010029
0.011668
0.01168
0.013577
0.015095
0.011947
0.015655
0.01654
0.012478
0.01471
0.014222
0.015413
0.015193
0.011226
0.013707
0.013872
0.011511
0.016061
0.014446
0.015389
0.017157
0.019913
0.015258
0.014576
0.013748
0.013165
0.014998
0.01632
0.015388
0.017753
0.017156
0.016889
0.016895
0.016354
0.017717
0.016738
0.016228
0.015126
0.014742
0.016224
0.017392
0.01604
0.016523
0.01598
0.0099629
0.013506
0.0081115
0.0079948
0.015664
0.0098728
0.014964
0.015519
0.015643
0.017538
0.0185
0.015653
0.011065
0.018507
0.015884
0.018266
0.019467
0.014964
0.01345
0.011609
0.015152
0.010398
0.011741
0.0071717
0.020382
0.01666
0.0087696
0.012368
0.010395
0.0067227
0.0087521
0.015441
0.012172
0.0058157
0.0040145
0.0052647
0.0066853
0.007037
0.0070863
0.0082348
0.0078437
0.0091911
0.0074269
0.010024
0.0069228
0.0044663
0.0082744
0.0077857
0.0052195
0.0079424
0.0056639
0.0040549
0.006152
0.0094002
0.0075219
0.0046978
0.0060283
0.0065757
0.0089666
0.0090038
0.010928
0.014976
0.012007
0.012356
0.012285
0.013705
0.013826
0.013896
0.011155
0.012969
0.012407
0.010342
0.0095888
0.011223
0.013157
0.015547
0.011861
0.012078
0.0097587
0.0047377
0.0089657
0.0062113
0.0086525
0.0062093
0.0063766
0.0064215
0.0067218
0.0091759
0.0085809
0.0057423
0.0069757
0.0061821
0.0070554
0.0053173
0.0061632
0.0071048
0.0093606
0.0092756
0.0089002
0.007139
0.0050993
0.0056417
0.0069958
0.0051666
0.012043
0.010857
0.0093389
0.012051
0.014872
0.014107
0.010319
0.010718
0.013226
0.012924
0.010813
0.010611
0.011449
0.015487
0.010284
0.0052536
0.0052512
0.0051045
0.0058901
0.0061947
0.0064915
0.0059406
0.0054937
0.007361
0.0093613
0.011211
0.0079155
0.0080255
0.0087334
0.0065885
0.0063914
0.0085996
0.016928
0.0074989
0.0082615
0.0096795
0.0092569
0.010398
0.0094494
0.010525
0.0094421
0.0093961
0.010265
0.011329
0.0093628
0.0067079
0.011542
0.011048
0.0066583
0.0067025
0.0077429
0.007365
0.0058309
0.0072763
0.0090505
0.011348
0.012395
0.0056208
0.0079278
0.01324
0.010198
0.010627
0.009519
0.0090919
0.013903
0.011399
0.012116
0.0092665
0.0068509
0.0073642
0.014094
0.014271
0.0086027
0.0075156
0.011854
0.010552
0.007908
0.0073143
0.0083134
0.0065287
0.0084647
0.0073182
0.0080757
0.0086245
0.011705
0.010979
0.012885
0.013501
0.012439
0.0094471
0.012331
0.011414
0.0085969
0.012153
0.0099128
0.010316
0.012833
0.0086106
0.012391
0.0092932
0.010096
0.014717
0.011998
0.0056727
0.005415
0.005826
0.0066952
0.005282
0.0053302
0.0087621
0.0062196
0.0063512
0.0056023
0.0058155
0.0098907
0.021705
0.017503
0.01014
0.020953
0.010822
0.010306
0.012594
0.0076021
0.0067919
0.0095011
0.010644
0.0099061
0.0079936
0.0092247
0.010407
0.013553
0.0073643
0.0079612
0.009903
0.0088216
0.013413
0.0086746
0.0089097
0.0093886
0.011822
0.012279
0.012048
0.013424
0.01089
0.0091578
0.016881
0.0088401
0.0092992
0.017646
0.010654
0.017085
0.015231
0.012568
0.013575
0.010776
0.016021
0.015088
0.012578
0.01569
0.012913
0.013291
0.012114
0.010978
0.016309
0.01485
0.010418
0.011
0.015962
0.018635
0.021278
0.016165
0.01652
0.010245
0.0097365
0.0091722
0.0090737
0.010619
0.012016
0.0099837
0.0089195
0.0093848
0.010528
0.0093864
0.011414
0.011045
0.014644
0.011237
0.011878
0.011827
0.013237
0.011485
0.011184
0.0087523
0.0085273
0.0085607
0.0091237
0.0086533
0.0093337
0.010794
0.011519
0.0073363
0.012439
0.012028
0.013165
0.010695
0.0087583
0.012496
0.010679
0.011261
0.010942
0.011486
0.012339
0.010238
0.011004
0.011868
0.013929
0.012681
0.014424
0.014461
0.01224
0.011219
0.0082303
0.012362
0.010426
0.010056
0.010307
0.011275
0.010216
0.011011
0.012463
0.011507
0.011568
0.0081896
0.01219
0.013129
0.013228
0.012677
0.011425
0.011761
0.011379
0.012807
0.012326
0.01244
0.010607
0.010546
0.009832
0.0097633
0.01268
0.013398
0.011631
0.015361
0.012587
0.012907
0.011508
0.01131
0.011426
0.011484
0.011618
0.012095
0.011768
0.011778
0.012286
0.011938
0.010631
0.011583
0.014322
0.01121
0.011726
0.013233
0.011011
0.010925
0.010181
0.012054
0.011476
0.014853
0.010304
0.010451
0.011082
0.008996
0.014769
0.010767
0.009047
0.0098393
0.0102
0.011414
0.011391
0.0099855
0.0095821
0.010787
0.013746
0.011588
0.015421
0.013011
0.014921
0.014301
0.013993
0.014716
0.015969
0.015841
0.012
0.011679
0.012192
0.01093
0.013284
0.012683
0.01739
0.018653
0.013066
0.018718
0.017802
0.019251
0.018664
0.016629
0.017719
0.017058
0.011909
0.01402
0.0087773
0.008066
0.0081595
0.009589
0.0097368
0.011568
0.017701
0.011543
0.015704
0.014087
0.013143
0.0078232
0.0065353
0.0074422
0.0074963
0.0065448
0.014202
0.016538
0.012351
0.0083054
0.0078444
0.0085098
0.0070776
0.0089654
0.0074893
0.005939
0.0084512
0.0071717
0.0063983
0.0066907
0.0070552
0.0067728
0.0080414
0.0064353
0.0070225
0.0077842
0.0059304
0.0066052
0.0067346
0.0071584
0.0083555
0.0079603
0.0073604
0.0084148
0.0088995
0.0086394
0.01034
0.012858
0.011435
0.013551
0.016621
0.012115
0.011156
0.010205
0.011726
0.0098297
0.0092424
0.010667
0.0095647
0.0096375
0.0078196
0.013
0.0083093
0.0093186
0.0112
0.013828
0.0086633
0.0089145
0.0080018
0.0082136
0.0080526
0.0085997
0.0082603
0.010149
0.0062365
0.010711
0.0073118
0.0087673
0.0095126
0.0099645
0.0081654
0.010482
0.0085865
0.0045357
0.0057232
0.007879
0.0087863
0.012634
0.0073565
0.013407
0.0097082
0.0078143
0.011924
0.01408
0.0087678
0.010061
0.0076264
0.01022
0.0065393
0.0055717
0.0072121
0.0084961
0.0075762
0.0058865
0.0088828
0.0079129
0.0082335
0.0082226
0.0084215
0.008484
0.0073467
0.0067177
0.01218
0.010295
0.010658
0.010132
0.010996
0.0096215
0.0095387
0.010232
0.0085387
0.0095019
0.0093763
0.0077392
0.0085848
0.010403
0.012235
0.01187
0.011609
0.0094437
0.014263
0.01178
0.011148
0.0059209
0.0077973
0.0067797
0.0074129
0.0088674
0.0061911
0.00516
0.0058931
0.0091825
0.011495
0.0065833
0.0085998
0.010058
0.0069284
0.0067757
0.01053
0.0079984
0.012645
0.010369
0.011611
0.01048
0.010119
0.0094809
0.012005
0.0099941
0.010294
0.012779
0.0078358
0.012165
0.014568
0.011923
0.010995
0.011351
0.013932
0.01372
0.013713
0.014704
0.011612
0.010891
0.0099898
0.012423
0.012032
0.011277
0.010385
0.0092112
0.012932
0.0074756
0.006805
0.0070208
0.0060274
0.0077862
0.0079787
0.0099067
0.0093784
0.0075239
0.0083152
0.011203
0.012397
0.014526
0.012646
0.019438
0.011636
0.018856
0.015575
0.020792
0.019068
0.013586
0.020504
0.019895
0.020008
0.014448
0.018484
0.010946
0.010328
0.012115
0.0078833
0.0091112
0.013368
0.016528
0.0072554
0.016603
0.016216
0.017224
0.0084624
0.0095221
0.013591
0.010818
0.011293
0.0090866
0.010164
0.0084216
0.009195
0.0077997
0.015637
0.015376
0.010166
0.013051
0.014642
0.011039
0.012361
0.0084714
0.0077934
0.0077005
0.011686
0.015513
0.0090696
0.010637
0.0090801
0.010044
0.014076
0.012257
0.014611
0.0097936
0.012163
0.010831
0.0074461
0.012511
0.014635
0.010293
0.006148
0.011446
0.012437
0.0091077
0.009686
0.0072995
0.010327
0.0080007
0.011106
0.014722
0.014778
0.011584
0.014276
0.010884
0.014361
0.01348
0.012404
0.011277
0.011709
0.013038
0.010098
0.013345
0.011423
0.011948
0.013707
0.013168
0.0093076
0.0083953
0.0095519
0.011431
0.014044
0.010238
0.012825
0.013979
0.0073206
0.011313
0.012165
0.012925
0.011016
0.012437
0.010491
0.013999
0.0094993
0.010749
0.012988
0.01147
0.013489
0.011468
0.010006
0.010881
0.011438
0.01369
0.012245
0.012815
0.010642
0.011871
0.014652
0.014281
0.011795
0.0097612
0.010848
0.0088011
0.010247
0.011001
0.0094389
0.013376
0.013927
0.012941
0.015331
0.016076
0.015507
0.016575
0.013415
0.014937
0.015515
0.015319
0.012635
0.011159
0.012276
0.012888
0.013142
0.013968
0.01284
0.015732
0.015483
0.014484
0.016209
0.014939
0.016788
0.015393
0.016779
0.016014
0.016415
0.015248
0.016522
0.01737
0.014926
0.014207
0.012776
0.017539
0.015193
0.010235
0.010178
0.010039
0.011142
0.019965
0.021944
0.011449
0.018032
0.019819
0.018072
0.0085403
0.016371
0.01172
0.010206
0.0078849
0.0074078
0.017352
0.017727
0.0069463
0.012605
0.013113
0.012907
0.018116
0.013798
0.013647
0.013331
0.0175
0.0094143
0.012022
0.0084227
0.01254
0.010991
0.011323
0.0076323
0.0097522
0.010058
0.0082282
0.011174
0.012887
0.008635
0.0077522
0.0095727
0.0074046
0.010628
0.010755
0.0083986
0.0070745
0.0069506
0.0090185
0.0096394
0.0065507
0.010793
0.019869
0.0116
0.019935
0.016015
0.010685
0.0089972
0.020673
0.010791
0.016368
0.015991
0.0069896
0.01715
0.0087787
0.012213
0.014344
0.010671
0.017324
0.019397
0.017684
0.023766
0.020509
0.016686
0.021617
0.017948
0.023258
0.019448
0.018231
0.018174
0.0077198
0.010593
0.0090671
0.0092501
0.0091065
0.010241
0.0086898
0.011248
0.0099027
0.012233
0.0085668
0.010502
0.012076
0.011659
0.014046
0.011692
0.012813
0.014004
0.013674
0.011036
0.015254
0.016627
0.018918
0.015781
0.015302
0.0084881
0.0089805
0.0091248
0.0092765
0.0091295
0.0098223
0.010665
0.010413
0.0103
0.011468
0.011859
0.011135
0.0075197
0.008216
0.013749
0.0090599
0.0063666
0.0062092
0.0099643
0.0099663
0.0056259
0.0042154
0.0082299
0.0043757
0.020947
0.013738
0.012217
0.019143
0.008454
0.011003
0.0055734
0.0071488
0.0091802
0.0069902
0.010701
0.0095522
0.017407
0.012494
0.0082353
0.0070821
0.0085481
0.0057363
0.0032294
0.0086841
0.0057264
0.010112
0.004326
0.0062336
0.0056996
0.0045157
0.0069053
0.0061558
0.0031957
0.0050555
0.0061875
0.0047968
0.008255
0.0071082
0.0064348
0.008929
0.0068003
0.0092407
0.0072553
0.0067754
0.0081756
0.0069695
0.0069883
0.0078965
0.0099961
0.0060049
0.0072355
0.0086153
0.0097352
0.0053449
0.0085212
0.0077589
0.0087586
0.0091237
0.0092863
0.011047
0.0090116
0.011364
0.012835
0.0095097
0.0072894
0.011311
0.0068037
0.0075708
0.0060415
0.01148
0.009021
0.012533
0.0085161
0.0081503
0.011244
0.0074213
0.0064953
0.0093544
0.0055228
0.0083647
0.0090363
0.008761
0.0095357
0.0094355
0.0091273
0.0098063
0.0081594
0.0078068
0.0094509
0.0075452
0.0057389
0.0079431
0.0089348
0.0079721
0.010113
0.010333
0.010611
0.010366
0.011724
0.012285
0.0080893
0.012094
0.0086655
0.010368
0.0092595
0.010654
0.011167
0.011069
0.010416
0.01107
0.0067046
0.0060722
0.0063475
0.0065911
0.0080405
0.0094681
0.0071655
0.0097553
0.011879
0.0092355
0.0079204
0.0094213
0.0085166
0.0055784
0.0096286
0.0086061
0.0069662
0.013257
0.011287
0.012254
0.01614
0.0086681
0.0071032
0.0085011
0.0065032
0.0098534
0.010247
0.0082664
0.012726
0.013508
0.011978
0.01329
0.0096081
0.009359
0.0064342
0.0092693
0.0094242
0.0094075
0.010828
0.013085
0.011202
0.012179
0.013886
0.012809
0.013188
0.011359
0.010255
0.011765
0.010895
0.0097979
0.010617
0.013783
0.013208
0.012674
0.014164
0.011257
0.013293
0.0134
0.012352
0.011945
0.010685
0.01085
0.010745
0.01294
0.015695
0.014672
0.015807
0.014769
0.013715
0.015021
0.013073
0.015
0.0099076
0.0081829
0.011297
0.013521
0.010765
0.011139
0.013667
0.012462
0.014992
0.010108
0.010859
0.012464
0.012812
0.014862
0.015228
0.016821
0.013204
0.014321
0.015151
0.013294
0.012508
0.011636
0.017206
0.013573
0.010389
0.013153
0.010032
0.011276
0.010508
0.0096156
0.011366
0.011626
0.010221
0.011051
0.0098321
0.01037
0.0093641
0.015023
0.0099005
0.010262
0.010291
0.0095508
0.010004
0.0083901
0.0088948
0.0097475
0.01718
0.015564
0.0093949
0.011511
0.013504
0.016208
0.014082
0.016496
0.018188
0.010662
0.013315
0.01231
0.013957
0.019383
0.023467
0.017464
0.011693
0.012029
0.011306
0.011018
0.014399
0.012662
0.010195
0.013568
0.016321
0.017662
0.018468
0.012217
0.015993
0.017229
0.016621
0.018371
0.013017
0.016319
0.023488
0.0090661
0.014039
0.011236
0.010318
0.020947
0.019126
0.0098825
0.01691
0.015207
0.014474
0.012177
0.020249
0.019958
0.013901
0.017054
0.012244
0.011318
0.013346
0.019884
0.023356
0.018292
0.021333
0.021704
0.021833
0.016969
0.023015
0.018661
0.020305
0.019147
0.016034
0.018139
0.020216
0.019578
0.014552
0.017842
0.010342
0.019784
0.014304
0.010609
0.012651
0.013426
0.012714
0.012091
0.010692
0.010913
0.01491
0.012789
0.010832
0.012985
0.011459
0.0089573
0.0080982
0.0084236
0.010762
0.0077283
0.0071194
0.010074
0.0077784
0.0096475
0.012881
0.0078551
0.010185
0.01367
0.010073
0.010588
0.0081315
0.0082785
0.0078849
0.011327
0.005955
0.0074905
0.011493
0.0090444
0.0081144
0.0056956
0.005717
0.0087323
0.0080256
0.010537
0.0052156
0.0066154
0.006236
0.0092665
0.0076498
0.0082816
0.0076472
0.0086504
0.0091824
0.015303
0.011154
0.0096187
0.01149
0.011278
0.01275
0.01717
0.010629
0.0091532
0.0086324
0.008541
0.0078931
0.0076482
0.0077461
0.0080002
0.0076528
0.0074374
0.010432
0.010633
0.0091512
0.0091954
0.0076168
0.0087823
0.0071904
0.0073028
0.010277
0.007546
0.0064226
0.0069618
0.011401
0.0062604
0.0075775
0.0089485
0.011525
0.0094413
0.0088379
0.009434
0.0093228
0.012171
0.0081077
0.0094989
0.0089691
0.010093
0.0099951
0.013277
0.013303
0.010114
0.0097408
0.0096923
0.0089286
0.0090466
0.008247
0.007598
0.0088002
0.0087706
0.0088832
0.0091851
0.012601
0.0093068
0.010255
0.011896
0.011683
0.012456
0.0096839
0.013946
0.012551
0.013768
0.012043
0.014973
0.012765
0.01287
0.014876
0.014436
0.01599
0.019273
0.014592
0.014367
0.015046
0.015687
0.014274
0.012011
0.018291
0.011616
0.018983
0.019979
0.018794
0.017768
0.019003
0.016268
0.013008
0.012716
0.013961
0.014177
0.013444
0.015308
0.012319
0.011838
0.013706
0.014114
0.012087
0.010918
0.0087807
0.014514
0.014201
0.014712
0.0092346
0.013427
0.013969
0.011783
0.01495
0.014347
0.011618
0.013756
0.013849
0.010533
0.006674
0.015011
0.011892
0.013879
0.016837
0.0088769
0.01409
0.010631
0.012907
0.010185
0.0076577
0.010888
0.011586
0.011555
0.011005
0.014854
0.0084501
0.012147
0.010931
0.0077068
0.018492
0.01305
0.017304
0.0067219
0.0053042
0.01345
0.021733
0.016663
0.015376
0.014499
0.02177
0.011526
0.0072473
0.019991
0.023921
0.018055
0.01783
0.012531
0.0088772
0.0081772
0.0099467
0.0066147
0.0076482
0.007111
0.010478
0.0053278
0.0077193
0.0083956
0.024106
0.022026
0.017482
0.022825
0.020538
0.023309
0.012058
0.012809
0.021036
0.010848
0.014837
0.020398
0.016201
0.012348
0.018663
0.027605
0.022473
0.021251
0.025684
0.023336
0.028638
0.028711
0.029231
0.0088937
0.007382
0.0085079
0.0080502
0.024576
0.01854
0.02139
0.0132
0.016193
0.01434
0.0092385
0.010487
0.014038
0.014779
0.027502
0.023666
0.02907
0.022803
0.015787
0.0075125
0.0065848
0.0116
0.010854
0.010806
0.013009
0.010737
0.020819
0.017066
0.012817
0.018442
0.010236
0.011794
0.0090985
0.010494
0.0081864
0.010566
0.0146
0.011178
0.015529
0.017149
0.0074788
0.011043
0.0076644
0.010346
0.013501
0.0086166
0.019407
0.013156
0.0063681
0.016537
0.0099218
0.013561
0.01742
0.022031
0.029671
0.010656
0.014593
0.023657
0.0096512
0.020861
0.017914
0.023634
0.019865
0.01319
0.017188
0.018388
0.021816
0.019375
0.015042
0.025801
0.019981
0.0194
0.017283
0.022384
0.018869
0.019943
0.017836
0.017822
0.014963
0.012471
0.0093364
0.013836
0.015076
0.011588
0.010817
0.0091081
0.022087
0.017818
0.022389
0.026503
0.018074
0.020912
0.026294
0.01182
0.0262
0.031177
0.025034
0.019539
0.016902
0.0038578
0.016411
0.021094
0.027288
0.01443
0.020717
0.019274
0.0085353
0.016166
0.027703
0.031876
0.028936
0.029578
0.032343
0.027817
0.024543
0.021166
0.027301
0.024846
0.010627
0.0077784
0.016587
0.0085213
0.0083794
0.015925
0.011879
0.0070916
0.010462
0.0086891
0.01827
0.020161
0.024897
0.020024
0.020326
0.023845
0.024368
0.016201
0.023533
0.02273
0.018002
0.022242
0.02184
0.023136
0.014409
0.010177
0.010035
0.0073015
0.015193
0.019324
0.021795
0.013905
0.021784
0.016212
0.024188
0.021967
0.021352
0.023773
0.012868
0.016596
0.019329
0.022348
0.015787
0.016456
0.011247
0.026158
0.014163
0.027098
0.02515
0.02385
0.0193
0.028436
0.027947
0.016259
0.028752
0.026784
0.026274
0.020513
0.025132
0.028168
0.0070744
0.0096236
0.013623
0.010788
0.009788
0.012825
0.011513
0.0094083
0.0025868
0.013377
0.0056919
