0.002238
0.00078006
0
0.013164
0.0031626
0.00037921
0.013282
0.0080812
0.0086662
0.014977
0.003518
0.0018408
0.013007
0.001628
0.0014463
0.0046599
0.0065342
0.0031395
0.0057412
0.0078458
0.0069882
0.0061519
0.0043314
0.0055976
0.0030673
0.0066739
0.013739
0.0049551
0.0076448
0.019319
0.0062042
0.0074084
0.0068637
0.01219
0.01309
0.0094455
0.0073758
0.0062104
0.0067561
0.0090974
0.011512
0.010011
0.0085542
0.012211
0.010282
0.010055
0.008595
0.010059
0.012826
0.010282
0.010321
0.011848
0.012349
0.013886
0.017452
0.024052
0.016004
0.018722
0.018193
0.018387
0.017577
0.0074448
0.016897
0.018356
0.012263
0.013825
0.013265
0.013408
0.01478
0.021009
0.010853
0.016073
0.010134
0.011759
0.011627
0.013152
0.013184
0.010472
0.015366
0.011818
0.0098418
0.013784
0.0090261
0.014677
0.009874
0.014604
0.015375
0.0068275
0.0067135
0.0065248
0.0076676
0.0086726
0.0067384
0.008022
0.011454
0.012911
0.0099637
0.0089204
0.007365
0.013402
0.0077545
0.0094601
0.012992
0.010508
0.0098082
0.011311
0.011166
0.015534
0.015752
0.013322
0.0088709
0.0072451
0.0077504
0.0086999
0.0079191
0.015671
0.014977
0.0088992
0.013399
0.014216
0.0083628
0.011552
0.007872
0.010936
0.01645
0.013802
0.012026
0.0076283
0.0088567
0.011225
0.0088093
0.0097344
0.0070054
0.01102
0.0099712
0.0090772
0.016283
0.014142
0.0098693
0.010159
0.0096614
0.0085495
0.0095302
0.011245
0.011189
0.010335
0.0085815
0.015668
0.010749
0.012645
0.01152
0.01303
0.010895
0.011783
0.013477
0.014169
0.0077827
0.013091
0.015047
0.015327
0.012664
0.0098547
0.010811
0.010949
0.014072
0.012443
0.0097959
0.0088675
0.019376
0.010884
0.0099969
0.011759
0.013413
0.013729
0.016192
0.018602
0.018618
0.017607
0.016886
0.010433
0.016245
0.017029
0.016894
0.012757
0.017202
0.017179
0.0066532
0.01494
0.012588
0.018143
0.014055
0.014014
0.018645
0.0075837
0.0060388
0.019327
0.012583
0.018806
0.014197
0.017916
0.017084
0.017214
0.016061
0.013482
0.018099
0.015884
0.015613
0.011557
0.0094313
0.012052
0.012966
0.014332
0.01086
0.013173
0.012839
0.012074
0.0094652
0.0085156
0.010837
0.015063
0.0085293
0.01497
0.0088574
0.015674
0.0084395
0.008482
0.015913
0.014796
0.0078336
0.016384
0.012712
0.0057658
0.012889
0.0098401
0.013582
0.01538
0.012006
0.014459
0.0065169
0.012945
0.013927
0.0096379
0.0083804
0.0053538
0.010554
0.01163
0.013885
0.0086782
0.0069346
0.0093769
0.0098356
0.007606
0.0079427
0.0089081
0.0096404
0.0083354
0.011104
0.0073529
0.017216
0.011599
0.010056
0.018583
0.014483
0.014038
0.010111
0.01017
0.0086147
0.0081549
0.013467
0.010808
0.0077608
0.0080069
0.0088797
0.0077331
0.0079492
0.008159
0.0096716
0.0081381
0.0082774
0.0071007
0.0086966
0.015669
0.014413
0.0092202
0.0077718
0.0099629
0.011427
0.0071783
0.0097883
0.010679
0.010805
0.0077414
0.011519
0.0081154
0.010064
0.010542
0.0092677
0.0096574
0.0086694
0.016558
0.0076292
0.016471
0.010243
0.0077386
0.01095
0.011346
0.0084465
0.015933
0.0139
0.0085028
0.011445
0.010187
0.013655
0.012748
0.015322
0.014236
0.0093936
0.013904
0.015376
0.012814
0.0099462
0.011635
0.0083238
0.012811
0.013207
0.011054
0.01504
0.013024
0.01296
0.015693
0.01388
0.013738
0.015376
0.015733
0.01845
0.016264
0.01767
0.014249
0.011361
0.024025
0.022284
0.014224
0.024377
0.016413
0.026395
0.01439
0.0071388
0.021424
0.0058726
0.010552
0.012332
0.017726
0.016489
0.013986
0.014504
0.01426
0.015693
0.019769
0.021739
0.014711
0.018118
0.016602
0.012744
0.022547
0.027216
0.024592
0.01974
0.020499
0.018084
0.019744
0.019579
0.016734
0.021197
0.021182
0.020341
0.013358
0.0085658
0.012334
0.010695
0.0098096
0.012493
0.0081434
0.0083084
0.0081178
0.0092838
0.02212
0.0085462
0.009629
0.015741
0.0086524
0.010882
0.012939
0.0076867
0.018117
0.011587
0.012971
0.01038
0.012004
0.014712
0.020991
0.021008
0.010119
0.012531
0.014537
0.014459
0.010483
0.015619
0.020859
0.017071
0.019157
0.013636
0.015329
0.01556
0.012982
0.018202
0.015406
0.0083108
0.014995
0.0167
0.018323
0.016877
0.015744
0.020073
0.021663
0.0222
0.020945
0.021824
0.021603
0.021819
0.019198
0.018548
0.022404
0.025425
0.022102
0.021445
0.021355
0.020594
0.022288
0.018997
0.017845
0.019594
0.026353
0.019659
0.019887
0.020718
0.021506
0.021548
0.014753
0.01564
0.0093798
0.0095655
0.017158
0.017506
0.017479
0.016202
0.016326
0.011249
0.015109
0.015814
0.015267
0.017888
0.017024
0.018968
0.017281
0.016661
0.016342
0.024427
0.017589
0.022387
0.020564
0.022036
0.022659
0.021836
0.016204
0.022608
0.02107
0.018593
0.022046
0.020518
0.017381
0.0067782
0.0081863
0.021376
0.019481
0.017674
0.017152
0.020269
0.021504
0.018469
0.017483
0.020532
0.0088614
0.010228
0.018148
0.0066994
0.017386
0.013003
0.015354
0.014188
0.017123
0.014453
0.015836
0.011621
0.011688
0.011623
0.010619
0.011388
0.010061
0.016547
0.012629
0.016543
0.016952
0.01784
0.01633
0.01555
0.015509
0.020035
0.016121
0.016503
0.016581
0.014848
0.014799
0.01522
0.015789
0.019802
0.016747
0.020393
0.020733
0.017485
0.01548
0.014383
0.015575
0.013533
0.012656
0.013886
0.012407
0.012111
0.012384
0.014475
0.013371
0.01286
0.011429
0.010622
0.013084
0.013873
0.014386
0.012102
0.011539
0.015477
0.018223
0.01655
0.017922
0.018594
0.018253
0.020633
0.020619
0.020707
0.021823
0.023023
0.022354
0.020455
0.01956
0.019728
0.018294
0.021485
0.023317
0.024755
0.017816
0.018557
0.016373
0.014715
0.01885
0.017968
0.018921
0.015262
0.017645
0.015816
0.018674
0.02144
0.022285
0.022009
0.023052
0.014118
0.014105
0.014965
0.014395
0.015737
0.016078
0.017011
0.016789
0.015815
0.016597
0.018359
0.019044
0.022129
0.014263
0.024332
0.026913
0.026013
0.026098
0.024729
0.026721
0.022917
0.025023
0.023354
0.02545
0.024234
0.026562
0.021468
0.022841
0.0065432
0.0065162
0.0088368
0.0083608
0.0080409
0.0089962
0.010204
0.0097505
0.0098993
0.0094875
0.015449
0.0099035
0.022143
0.010017
0.010316
0.014392
0.014368
0.012409
0.0098557
0.0092229
0.0097865
0.010802
0.0094742
0.012084
0.010429
0.013575
0.015081
0.011619
0.018941
0.011826
0.012371
0.0096076
0.012572
0.012229
0.0177
0.013491
0.012182
0.014469
0.012349
0.010395
0.020672
0.019116
0.018837
0.015491
0.013545
0.01431
0.016575
0.013984
0.016525
0.01571
0.021249
0.011859
0.013376
0.011955
0.01942
0.013837
0.010391
0.014558
0.013181
0.015759
0.013517
0.017449
0.0192
0.020296
0.013822
0.017251
0.015521
0.013926
0.015756
0.012274
0.016181
0.021448
0.017015
0.010545
0.015961
0.015056
0.012955
0.015765
0.011438
0.013338
0.014917
0.013003
0.015004
0.014639
0.01065
0.015276
0.014799
0.015027
0.0078669
0.011958
0.008844
0.01225
0.014958
0.0087213
0.0089464
0.0066083
0.0086124
0.0070838
0.010759
0.011117
0.011431
0.0055296
0.0060011
0.0071709
0.0053885
0.0069015
0.0060878
0.0057346
0.0068723
0.0069789
0.0066824
0.0084577
0.014436
0.016259
0.0080668
0.012737
0.015518
0.015559
0.018323
0.013381
0.0164
0.0095643
0.011087
0.013382
0.010535
0.011345
0.0091451
0.0082115
0.0094415
0.007678
0.0090171
0.011152
0.0067151
0.006281
0.0062326
0.0061545
0.0057693
0.010154
0.0081656
0.0066225
0.012754
0.009231
0.0073552
0.013555
0.0056405
0.011224
0.01565
0.010004
0.0085175
0.011821
0.010895
0.010856
0.013671
0.013562
0.012246
0.013196
0.012236
0.01447
0.010595
0.012879
0.015707
0.012078
0.014692
0.014922
0.013472
0.015525
0.015305
0.012804
0.014098
0.016487
0.01318
0.012673
0.012519
0.014213
0.014092
0.015273
0.014429
0.015531
0.01536
0.013999
0.014626
0.018774
0.0059886
0.0059101
0.0079018
0.0061621
0.0056497
0.015267
0.0064112
0.006318
0.0067651
0.0094752
0.0090196
0.011174
0.012998
0.011145
0.0096821
0.012564
0.0097115
0.012381
0.01191
0.013052
0.020847
0.0099453
0.011103
0.010394
0.011783
0.011297
0.012641
0.013103
0.012251
0.010973
0.013789
0.013474
0.0098622
0.014757
0.014083
0.014713
0.014245
0.019373
0.015102
0.015978
0.015569
0.014531
0.01201
0.016625
0.012178
0.012167
0.013114
0.015681
0.01567
0.013936
0.014627
0.011654
0.014962
0.013755
0.013697
0.021187
0.013897
0.018732
0.019185
0.022934
0.023635
0.021897
0.015724
0.015375
0.019714
0.020809
0.018324
0.02129
0.025833
0.021352
0.022233
0.020564
0.024361
0.021122
0.024581
0.022358
0.020262
0.016988
0.013942
0.014104
0.015086
0.012166
0.01295
0.020405
0.020404
0.017009
0.016053
0.016974
0.019633
0.018135
0.022663
0.017245
0.017605
0.021416
0.021567
0.01878
0.016349
0.019946
0.024335
0.018111
0.023193
0.025264
0.01815
0.021553
0.01963
0.020734
0.015691
0.017604
0.018274
0.0195
0.018087
0.017378
0.018856
0.025023
0.016341
0.016349
0.022341
0.019684
0.019133
0.015114
0.017138
0.02451
0.010867
0.016176
0.015464
0.022049
0.022757
0.022816
0.020216
0.013459
0.0092631
0.012349
0.012739
0.011369
0.011572
0.019513
0.014713
0.010811
0.015973
0.011808
0.012323
0.011823
0.011897
0.013681
0.015939
0.015152
0.018365
0.015938
0.018516
0.017978
0.015117
0.01478
0.013463
0.015726
0.019852
0.021179
0.018767
0.013682
0.01841
0.020571
0.021895
0.022445
0.022036
0.023086
0.023794
0.021575
0.024327
0.025083
0.019826
0.012481
0.018303
0.021314
0.02422
0.020297
0.018692
0.01588
0.015682
0.018883
0.012457
0.01687
0.014917
0.013344
0.015549
0.012659
0.013042
0.012497
0.013918
0.012816
0.014132
0.013798
0.013948
0.011438
0.013355
0.015436
0.013846
0.0163
0.016468
0.011154
0.01377
0.012134
0.0099382
0.01242
0.012837
0.012966
0.011159
0.009997
0.018824
0.010039
0.0099447
0.0094729
0.01056
0.0093763
0.0099819
0.0092437
0.0091769
0.0085213
0.016097
0.019036
0.017221
0.013668
0.014129
0.013415
0.01181
0.01116
0.014057
0.01057
0.012432
0.0097335
0.012511
0.017608
0.011579
0.016152
0.016572
0.0089552
0.0098031
0.014683
0.011977
0.010254
0.011008
0.014086
0.008913
0.012322
0.0096621
0.010577
0.011103
0.011739
0.011839
0.011548
0.013226
0.016231
0.010604
0.0178
0.011271
0.011261
0.012994
0.013332
0.010434
0.02022
0.021014
0.011736
0.01069
0.011168
0.011597
0.0094563
0.022634
0.014923
0.022983
0.013068
0.013874
0.011433
0.011765
0.010892
0.012132
0.01162
0.013523
0.013357
0.013078
0.020335
0.024058
0.015923
0.020806
0.015284
0.01585
0.021145
0.020027
0.013906
0.018763
0.024435
0.023488
0.021438
0.022049
0.024607
0.023686
0.023336
0.024027
0.01945
0.019223
0.014201
0.015528
0.011373
0.012003
0.011609
0.0134
0.012527
0.0096773
0.014583
0.014424
0.015817
0.013524
0.012326
0.014061
0.016228
0.016135
0.01541
0.017538
0.021727
0.018255
0.01808
0.013271
0.013976
0.013485
0.013562
0.013134
0.01451
0.015895
0.013663
0.014146
0.011399
0.015163
0.013895
0.01718
0.014188
0.016884
0.015952
0.015667
0.020322
0.015516
0.022159
0.020478
0.021222
0.020662
0.021255
0.02523
0.01606
0.020292
0.023194
0.009367
0.013205
0.012886
0.013505
0.019151
0.014663
0.015071
0.012228
0.01658
0.02108
0.017753
0.015345
0.016734
0.019503
0.020525
0.018175
0.013734
0.018798
0.019272
0.015461
0.022047
0.016318
0.019225
0.015055
0.015074
0.015159
0.014067
0.016139
0.016066
0.014627
0.014198
0.015555
0.025114
0.023277
0.023558
0.019236
0.019235
0.016198
0.018356
0.013913
0.015896
0.012486
0.017387
0.013404
0.014075
0.011827
0.014478
0.01426
0.012765
0.017724
0.018865
0.017431
0.01792
0.016461
0.019056
0.014306
0.015523
0.013661
0.016242
0.016998
0.016571
0.015547
0.015847
0.016329
0.019288
0.01385
0.018701
0.018608
0.019449
0.017895
0.015533
0.017766
0.016694
0.017192
0.018128
0.018809
0.019229
0.016665
0.018425
0.02078
0.018178
0.018587
0.019773
0.021209
0.019193
0.014967
0.021275
0.016629
0.016111
0.011507
0.016823
0.015283
0.011043
0.011101
0.014804
0.012609
0.010663
0.010562
0.012445
0.015091
0.013723
0.012862
0.017291
0.01695
0.015
0.012118
0.01281
0.012347
0.010276
0.011596
0.012442
0.012379
0.016673
0.016581
0.016456
0.010377
0.013952
0.013625
0.011837
0.013596
0.01573
0.015775
0.016245
0.018617
0.018241
0.020762
0.015598
0.015156
0.014534
0.014745
0.014578
0.015409
0.021103
0.022357
0.021405
0.021366
0.017205
0.020191
0.015513
0.014204
0.020068
0.019004
0.01955
0.016004
0.018185
0.020763
0.019077
0.017538
0.016001
0.018052
0.021963
0.019821
0.011616
0.01033
0.010569
0.012518
0.011113
0.014804
0.01181
0.011064
0.010048
0.010461
0.010559
0.0099567
0.01086
0.010068
0.01028
0.010143
0.012471
0.011643
0.011195
0.011912
0.010127
0.0070916
0.010159
0.011125
0.0084519
0.0082623
0.011083
0.011222
0.01239
0.0085514
0.016279
0.01035
0.0083993
0.011068
0.012019
0.0093362
0.0093171
0.011835
0.010195
0.0084615
0.0093192
0.0070655
0.00856
0.0099215
0.0087176
0.0096284
0.0085235
0.008958
0.0069921
0.0095146
0.0071372
0.0072845
0.0067266
0.0079885
0.0064142
0.0067858
0.0070723
0.0071338
0.0076725
0.0088066
0.0081578
0.0087795
0.0073505
0.010269
0.0077407
0.0072061
0.0097983
0.011494
0.010332
0.0076723
0.00727
0.0075866
0.0083024
0.0066832
0.010157
0.0096855
0.011564
0.011756
0.011404
0.014934
0.0095722
0.0078479
0.0091742
0.011261
0.014342
0.01023
0.018539
0.009418
0.0094336
0.018158
0.012379
0.011644
0.011595
0.010741
0.01124
0.010059
0.01263
0.012123
0.013933
0.012539
0.011167
0.013095
0.012674
0.01113
0.013997
0.011202
0.013057
0.013848
0.011079
0.01284
0.010598
0.013083
0.011673
0.012754
0.012913
0.011808
0.0095442
0.014578
0.013911
0.014661
0.017695
0.012335
0.012246
0.012082
0.012126
0.011979
0.011863
0.015058
0.013208
0.013886
0.013138
0.015026
0.014993
0.016909
0.016575
0.016119
0.011877
0.014585
0.021123
0.015913
0.01114
0.01391
0.019099
0.015078
0.013174
0.020746
0.019318
0.014232
0.023504
0.024671
0.014872
0.019207
0.0098087
0.011553
0.010315
0.011356
0.010883
0.010653
0.012708
0.013719
0.012254
0.010163
0.0071876
0.0082236
0.0097352
0.0073703
0.0080848
0.00805
0.010446
0.0098502
0.0083794
0.0074074
0.0084109
0.0073036
0.011012
0.013815
0.0070603
0.0098942
0.010135
0.011816
0.013663
0.012115
0.012253
0.0098122
0.010426
0.011646
0.012336
0.015916
0.012482
0.015974
0.011725
0.013659
0.014046
0.010596
0.012779
0.01028
0.01933
0.019341
0.018841
0.018654
0.024278
0.02066
0.02325
0.014615
0.013786
0.017468
0.013913
0.019815
0.016158
0.018892
0.024239
0.019633
0.026054
0.02606
0.026433
0.024653
0.023914
0.016088
0.024558
0.016556
0.018941
0.013944
0.020331
0.015703
0.015359
0.013318
0.013757
0.014562
0.014542
0.013367
0.014527
0.012633
0.013164
0.013995
0.010831
0.010355
0.011713
0.01306
0.011707
0.011209
0.011095
0.012763
0.011268
0.013511
0.015888
0.018173
0.018998
0.0152
0.018654
0.018311
0.01797
0.018044
0.023392
0.02279
0.014178
0.012223
0.0124
0.01228
0.011346
0.019049
0.017691
0.022863
0.019593
0.019237
0.018467
0.017301
0.019303
0.017382
0.018324
0.017
0.013341
0.018853
0.013372
0.013554
0.021742
0.015494
0.012333
0.019938
0.017261
0.017959
0.02059
0.021082
0.011656
0.012177
0.014835
0.013628
0.019441
0.016708
0.0082239
0.0072128
0.007738
0.0088322
0.0080616
0.012899
0.008096
0.0074313
0.0072034
0.0055724
0.0053137
0.0057694
0.0060936
0.0050117
0.010162
0.0053205
0.0074214
0.0083477
0.007275
0.0084312
0.010124
0.012195
0.011322
0.011915
0.012556
0.0094245
0.014346
0.012059
0.0096009
0.010164
0.011022
0.0065924
0.011722
0.00748
0.010791
0.013212
0.011395
0.0057522
0.006462
0.007186
0.0086616
0.0082039
0.0066373
0.0079435
0.017628
0.015627
0.013965
0.014013
0.01446
0.012733
0.014481
0.017654
0.018239
0.015725
0.01524
0.019013
0.017326
0.012936
0.011804
0.013132
0.011563
0.012825
0.011372
0.013966
0.011812
0.012403
0.015739
0.014201
0.015836
0.013764
0.020284
0.015989
0.021745
0.019661
0.020355
0.02076
0.018591
0.021557
0.0156
0.01445
0.016572
0.015653
0.015819
0.01911
0.019265
0.020796
0.01739
0.016114
0.019408
0.019699
0.018539
0.018014
0.017637
0.016428
0.016115
0.017681
0.011037
0.013635
0.012945
0.015406
0.0092144
0.0096911
0.0085973
0.012027
0.0126
0.014501
0.013378
0.016573
0.013861
0.016882
0.01818
0.021207
0.017458
0.013892
0.013361
0.014684
0.015218
0.013605
0.0071292
0.01219
0.016506
0.016694
0.015049
0.017173
0.018276
0.017636
0.016403
0.016191
0.018013
0.018125
0.018009
0.01816
0.016576
0.015842
0.014808
0.016638
0.0167
0.017581
0.016777
0.017286
0.012098
0.01267
0.0152
0.017973
0.019799
0.01465
0.017076
0.017846
0.018212
0.018239
0.016705
0.019061
0.018837
0.016881
0.018006
0.015399
0.016204
0.015846
0.013637
0.019389
0.014573
0.016939
0.014933
0.017198
0.015755
0.015225
0.015148
0.019308
0.018575
0.016486
0.017983
0.018451
0.016456
0.013555
0.017213
0.019574
0.018749
0.019679
0.021508
0.021767
0.018348
0.018005
0.022178
0.017265
0.018475
0.017804
0.020364
0.019803
0.021742
0.020443
0.022131
0.021815
0.02174
0.02344
0.020908
0.021218
0.019245
0.020217
0.018732
0.020278
0.023887
0.023452
0.019327
0.023822
0.021976
0.024301
0.02181
0.022021
0.023154
0.020713
0.015536
0.017212
0.017376
0.01691
0.015513
0.015949
0.017436
0.019212
0.022832
0.020906
0.020025
0.018497
0.018903
0.02088
0.018511
0.018546
0.019347
0.015876
0.014651
0.016178
0.015462
0.015786
0.016312
0.014818
0.01734
0.014123
0.013311
0.01339
0.018619
0.015238
0.020644
0.01979
0.021553
0.019846
0.022746
0.026214
0.023968
0.025086
0.024733
0.013347
0.01392
0.014467
0.018591
0.017717
0.026519
0.018108
0.019034
0.020186
0.02476
0.020205
0.020735
0.02471
0.025305
0.022452
0.025507
0.012931
0.013787
0.013674
0.016814
0.014934
0.011503
0.0098193
0.0097362
0.013876
0.0082446
0.0082958
0.010763
0.0081221
0.017074
0.010883
0.01089
0.011631
0.010105
0.01177
0.0094192
0.0089097
0.013887
0.0083154
0.0085321
0.0081037
0.0086889
0.0097178
0.0081789
0.0088783
0.0087084
0.0088607
0.007603
0.011579
0.010514
0.011242
0.011627
0.013262
0.0088265
0.012595
0.010706
0.00834
0.013468
0.010727
0.012026
0.0084662
0.0097588
0.0098687
0.011503
0.012728
0.011286
0.010093
0.0096408
0.0094074
0.0088967
0.0088427
0.0096471
0.011434
0.012332
0.010771
0.01239
0.0097633
0.012168
0.01049
0.01124
0.012083
0.0086075
0.0093673
0.01084
0.01048
0.0097932
0.0091751
0.0094832
0.0083524
0.0086135
0.010601
0.0087666
0.010814
0.00871
0.011658
0.0096908
0.010823
0.011524
0.01109
0.013372
0.010462
0.010691
0.010794
0.011172
0.010529
0.013317
0.0099459
0.010451
0.011118
0.01115
0.0096053
0.01153
0.0096201
0.0092448
0.0088252
0.012196
0.010298
0.011465
0.012999
0.0099838
0.010436
0.011134
0.010651
0.011461
0.012518
0.011451
0.012959
0.01189
0.01121
0.010482
0.011614
0.012644
0.011298
0.01278
0.012846
0.00952
0.0083248
0.0098421
0.0090934
0.011188
0.012572
0.011572
0.010085
0.010659
0.0089778
0.012656
0.013733
0.012421
0.011848
0.013877
0.013005
0.010805
0.011292
0.0092198
0.011947
0.007639
0.0088471
0.011991
0.010686
0.0088396
0.0112
0.0091924
0.010785
0.0085048
0.0075228
0.0087876
0.010898
0.011813
0.010619
0.011681
0.011223
0.014141
0.011524
0.01305
0.012789
0.013859
0.012663
0.011288
0.011242
0.01118
0.009009
0.010266
0.0089068
0.0082478
0.012937
0.015287
0.0098923
0.008836
0.0097649
0.012847
0.011358
0.014121
0.011715
0.007725
0.006891
0.0087876
0.010487
0.013231
0.013888
0.013201
0.011871
0.015618
0.016528
0.012359
0.013224
0.015146
0.01358
0.018004
0.011724
0.010596
0.012489
0.013992
0.013601
0.018258
0.011819
0.0088681
0.011237
0.011039
0.011124
0.0097765
0.013101
0.010144
0.0087765
0.0099084
0.010217
0.0077744
0.010456
0.0092154
0.008333
0.0093929
0.0094453
0.01084
0.0089554
0.0085918
0.010194
0.0091693
0.0097884
0.0089114
0.01125
0.011231
0.010425
0.0090653
0.0076312
0.009664
0.010617
0.011171
0.012878
0.0097439
0.011568
0.015602
0.013937
0.019799
0.014706
0.012627
0.01153
0.013385
0.016128
0.012812
0.010488
0.016693
0.018094
0.02422
0.011162
0.013831
0.017365
0.0088846
0.0095198
0.011426
0.0098981
0.011223
0.01137
0.010344
0.0099842
0.006633
0.010028
0.0084833
0.0089534
0.0084023
0.010624
0.010624
0.0078658
0.010459
0.009353
0.012195
0.012467
0.0109
0.0099194
0.010238
0.010318
0.013033
0.01198
0.013165
0.012967
0.018267
0.015187
0.0099558
0.012191
0.010245
0.011605
0.011657
0.010478
0.011242
0.01086
0.011301
0.013984
0.011185
0.011807
0.010289
0.0095472
0.010575
0.010859
0.0097487
0.010306
0.010081
0.010471
0.010242
0.010454
0.0095656
0.010388
0.0096871
0.014584
0.010168
0.012746
0.010706
0.01109
0.011287
0.011134
0.011175
0.011492
0.010615
0.012404
0.011978
0.0080455
0.011797
0.0096758
0.011314
0.011856
0.0099426
0.011937
0.010815
0.014704
0.017437
0.020441
0.017837
0.012623
0.0092637
0.010604
0.015421
0.0086947
0.012963
0.012473
0.013102
0.017888
0.011184
0.011609
0.012819
0.0082376
0.016829
0.01189
0.018217
0.012661
0.020879
0.020871
0.014663
0.016109
0.01387
0.01637
0.012561
0.014494
0.012433
0.014073
0.01101
0.013863
0.012012
0.011476
0.010875
0.012267
0.010305
0.013127
0.016319
0.011085
0.015563
0.020574
0.015366
0.024881
0.021292
0.022948
0.027473
0.020913
0.02623
0.029095
0.029012
0.030731
0.031738
0.021365
0.02945
0.03138
0.030309
0.031322
0.029453
0.031515
0.010996
0.013518
0.010157
0.011634
0.0084244
0.012762
0.01474
0.014588
0.01082
0.015393
0.0077145
0.008644
0.0096706
0.014436
0.0090798
0.015298
0.01232
0.01456
0.011507
0.013467
0.014337
0.0078844
0.0074076
0.012384
0.010142
0.015426
0.010467
0.0092265
0.010714
0.010331
0.012952
0.0094744
0.00986
0.012114
0.0094109
0.01052
0.0085472
0.0074915
0.0072184
0.010936
0.012915
0.01138
0.011918
0.010313
0.0087216
0.011387
0.013693
0.011914
0.012955
0.012657
0.012368
0.012621
0.011634
0.01141
0.011155
0.011085
0.013335
0.018581
0.013741
0.019311
0.019556
0.013728
0.016695
0.015744
0.012671
0.014211
0.013852
0.017722
0.012586
0.011491
0.021306
0.017908
0.015389
0.019965
0.017075
0.025509
0.012514
0.024626
0.014735
0.021871
0.017203
0.028758
0.027328
0.023189
0.017197
0.024448
0.029664
0.026286
0.02832
0.031782
0.023981
0.028278
0.020406
0.028199
0.029125
0.032971
0.028729
0.028328
0.029291
0.031055
0.030876
0.031453
0.032214
0.0097435
0.0063816
0.0073721
0.0069386
0.0068368
0.0091772
0.006798
0.008251
0.0090149
0.0082019
0.0085646
0.0077268
0.0077113
0.0091773
0.0064946
0.011668
0.0097337
0.012521
0.010474
0.0074325
0.010807
0.0086139
0.011662
0.014241
0.012571
0.010083
0.010031
0.0097914
0.0099841
0.010544
0.0090677
0.010204
0.010702
0.011994
0.011777
0.010079
0.0094432
0.010889
0.011819
0.012725
0.010718
0.01235
0.011935
0.013443
0.013044
0.014377
0.015266
0.014735
0.014377
0.014676
0.012692
0.013816
0.012495
0.011492
0.015462
0.016495
0.015351
0.019552
0.016512
0.019508
0.020563
0.020295
0.013456
0.011881
0.01701
0.014245
0.01568
0.020735
0.019398
0.014718
0.024032
0.018644
0.0096945
0.019506
0.0081847
0.023754
0.022717
0.014817
0.013635
0.017033
0.014629
0.014144
0.016255
0.017413
0.016253
0.014999
0.01311
0.021305
0.024002
0.026745
0.022641
0.02685
0.02061
0.027924
0.020105
0.022634
0.018286
0.015926
0.016899
0.016743
0.017341
0.018349
0.017165
0.018913
0.020396
0.019081
0.021682
0.019624
0.017343
0.017082
0.014744
0.016884
0.01328
0.014939
0.016763
0.01697
0.015929
0.018974
0.015074
0.014527
0.014719
0.014042
0.016477
0.013708
0.019077
0.01723
0.020142
0.020626
0.01718
0.011716
0.010997
0.018625
0.018206
0.019215
0.019653
0.024912
0.021336
0.027445
0.023891
0.024101
0.025846
0.024903
0.02311
0.026234
0.012093
0.011923
0.014282
0.012932
0.015769
0.015338
0.02011
0.020631
0.023938
0.024086
0.025316
0.026531
0.025645
0.02797
0.027301
0.028473
0.021768
0.027133
0.029467
0.02923
0.022104
0.022738
0.027014
0.021065
0.023346
0.024866
0.018081
0.018321
0.021351
0.01562
0.017201
0.013302
0.026135
0.021463
0.024252
0.011951
0.018252
0.023527
0.021676
0.020082
0.017983
0.026465
0.024274
0.024632
0.023184
0.016011
0.019611
0.018173
0.023166
0.022849
0.016701
0.013713
0.020924
0.015614
0.010272
0.013562
0.020032
0.019866
0.018833
0.008966
0.016775
0.014805
0.011126
0.019604
0.017379
0.015843
0.017874
0.016533
0.01647
0.011475
0.01136
0.013921
0.011356
0.017246
0.009834
0.015753
0.0184
0.011977
0.010643
0.014026
0.01121
0.012843
0.011482
0.010453
0.010634
0.0098289
0.014505
0.015013
0.012281
0.012434
0.012147
0.011411
0.012568
0.0085802
0.0096514
0.015357
0.011041
0.01611
0.011783
0.011773
0.012847
0.011307
0.010878
0.011232
0.011012
0.010495
0.011574
0.0099805
0.010359
0.011481
0.011282
0.011624
0.011517
0.012184
0.014634
0.01494
0.015212
0.010929
0.0088449
0.0079313
0.012924
0.013895
0.011059
0.013481
0.012805
0.011329
0.012046
0.01286
0.010054
0.0094712
0.0099826
0.010242
0.0089991
0.0084151
0.0072123
0.0075792
0.010799
0.0084826
0.0096505
0.012403
0.0086312
0.0074033
0.0089797
0.0075212
0.012559
0.0083186
0.0092704
0.0097968
0.0098355
0.0073113
0.014818
0.012961
0.0074506
0.0078796
0.0085119
0.0090602
0.0064748
0.0074877
0.0078969
0.0073896
0.0095537
0.0065582
0.0071239
0.0073344
0.0081347
0.0082967
0.0089243
0.0071125
0.0070437
0.0081199
0.00969
0.010647
0.0084043
0.006979
0.007007
0.0087689
0.0091291
0.014445
0.0065762
0.014367
0.0076497
0.012442
0.009338
0.0093603
0.0086626
0.012083
0.01375
0.0093268
0.0079181
0.011097
0.014323
0.013971
0.010296
0.0079848
0.010374
0.010459
0.00869
0.0095554
0.0066555
0.0080297
0.012287
0.0098296
0.011927
0.0085482
0.0089899
0.0075422
0.0097828
0.011024
0.0096163
0.0097282
0.0077449
0.0082327
0.0088974
0.0081598
0.0083011
0.008132
0.010524
0.0084517
0.0091106
0.010029
0.011072
0.013187
0.013536
0.0097689
0.0090711
0.012791
0.011455
0.013125
0.009093
0.011225
0.012028
0.011867
0.011244
0.011436
0.0076235
0.010332
0.009508
0.009564
0.010591
0.010192
0.0084843
0.0082683
0.0076972
0.0083184
0.0077804
0.012281
0.013116
0.0098945
0.0083533
0.012556
0.0083166
0.0074217
0.010237
0.0092886
0.0098451
0.013234
0.012757
0.014371
0.012098
0.010341
0.011413
0.011716
0.013281
0.01235
0.012038
0.010517
0.015482
0.012731
0.012464
0.013939
0.013889
0.016098
0.016463
0.01506
0.01644
0.017011
0.018221
0.010026
0.0096846
0.01106
0.010155
0.0083103
0.0096793
0.012847
0.012397
0.011766
0.013897
0.013968
0.010355
0.013451
0.011788
0.010963
0.012566
0.015801
0.016414
0.018975
0.020989
0.0187
0.017672
0.016946
0.021155
0.022722
0.01698
0.022032
0.014449
0.021668
0.020192
0.02575
0.023278
0.02485
0.027142
0.018137
0.013104
0.010344
0.01091
0.011258
0.010235
0.015463
0.013251
0.011099
0.016636
0.014841
0.01941
0.022093
0.01385
0.023943
0.024076
0.022221
0.028276
0.030954
0.024497
0.030071
0.030641
0.032522
0.025523
0.022925
0.029809
0.027759
0.0067686
0.0099623
0.010922
0.009592
0.0088985
0.0079458
0.0073119
0.0078318
0.0078204
0.0095241
0.0097866
0.010568
0.0090568
0.0073657
0.006069
0.0083173
0.0074372
0.0094389
0.007701
0.0094127
0.010139
0.0096978
0.010081
0.010246
0.0082608
0.0083879
0.010999
0.0096761
0.0088322
0.0094726
0.009915
0.0088303
0.0090292
0.010949
0.015886
0.023718
0.0063832
0.0051976
0.010461
0.0098816
0.012764
0.010379
0.0054235
0.01156
0.0083333
0.010133
0.013907
0.011923
0.011864
0.016844
0.015439
0.016187
0.015715
0.017541
0.018001
0.018831
0.018147
0.0094455
0.0075948
0.013154
0.011692
0.0097223
0.014368
0.014004
0.015113
0.017154
0.016699
0.014354
0.012257
0.021381
0.023924
0.019537
0.020995
0.022574
0.021321
0.02576
0.021799
0.015263
0.015726
0.016464
0.017039
0.014141
0.015434
0.0135
0.014967
0.013193
0.024515
0.022516
0.025843
0.026055
0.028529
0.024991
0.027244
0.025837
0.027561
0.013501
0.011614
0.025745
0.024725
0.024155
0.02047
0.012512
0.012908
0.011785
0.016826
0.014394
0.013037
0.010802
0.013366
0.015843
0.010994
0.014658
0.022883
0.023212
0.017228
0.019649
0.019226
0.018861
0.016928
0.013869
0.011456
0.011304
0.011614
0.01053
0.012718
0.011862
0.012422
0.014307
0.01249
0.017551
0.019789
0.010455
0.01378
0.018927
0.020798
0.023995
0.023964
0.013752
0.018679
0.016346
0.018179
0.01758
0.022133
0.020827
0.022148
0.021974
0.019761
0.021226
0.024083
0.021974
0.021128
0.025549
0.023966
0.024961
0.024245
0.023232
0.024632
0.024012
0.021072
0.023686
0.021045
0.023243
0.020591
0.023
0.025177
0.021585
0.024865
0.023879
0.027148
0.021996
0.026391
0.025077
0.027193
0.027244
0.025004
0.025114
0.022428
0.024699
0.020972
0.019141
0.020272
0.023412
0.021352
0.018061
0.027292
0.024993
0.024716
0.021782
0.021929
0.0178
0.024376
0.019701
0.017815
0.023224
0.020481
0.022124
0.022713
0.020499
0.0217
0.016885
0.022707
0.017217
0.019189
0.019033
0.02106
0.015628
0.013444
0.018755
0.017297
0.015427
0.016378
0.015398
0.016819
0.017019
0.013583
0.016015
0.015116
0.014195
0.013181
0.013171
0.013088
0.013184
0.013912
0.014344
0.012628
0.013243
0.013298
0.010554
0.012164
0.014914
0.013821
0.013782
0.013393
0.011898
0.009423
0.010792
0.012878
0.011515
0.013903
0.011988
0.012585
0.011763
0.012799
0.013799
0.01426
0.014885
0.013844
0.012894
0.014091
0.010523
0.009866
0.011973
0.014561
0.012806
0.013413
0.012118
0.012734
0.013517
0.012374
0.011865
0.012847
0.014976
0.013618
0.013986
0.01537
0.014922
0.010132
0.0099946
0.0099883
0.0078501
0.012446
0.0081414
0.014162
0.011399
0.013625
0.012112
0.010378
0.010431
0.011371
0.011949
0.010054
0.012333
0.012338
0.013282
0.009987
0.011202
0.0099909
0.011502
0.0081392
0.013187
0.012022
0.00922
0.012381
0.01793
0.013548
0.01214
0.012134
0.015288
0.017227
0.012697
0.015581
0.014888
0.014158
0.018652
0.014596
0.016777
0.014292
0.015299
0.017455
0.014761
0.018827
0.014787
0.013584
0.019397
0.021695
0.014531
0.019963
0.018325
0.017673
0.016256
0.018098
0.015965
0.014201
0.019802
0.02042
0.0096708
0.01441
0.021887
0.01654
0.019189
0.018695
0.021238
0.023447
0.020398
0.022582
0.024445
0.01769
0.019773
0.013382
0.017062
0.0093748
0.0098684
0.02274
0.024806
0.022107
0.01959
0.02098
0.013517
0.0095723
0.010584
0.011703
0.010707
0.0097335
0.0088374
0.0097358
0.010345
0.012996
0.010192
0.01833
0.019177
0.016391
0.016108
0.016425
0.017459
0.01153
0.011017
0.01486
0.012023
0.015206
0.014405
0.017647
0.022869
0.01963
0.018738
0.023039
0.021908
0.025724
0.022244
0.025726
0.023244
0.024157
0.0206
0.024221
0.022272
0.023225
0.024958
0.024625
0.024106
0.024443
0.024904
0.0059568
0.0064251
0.0063606
0.0071148
0.0075197
0.0065563
0.0066657
0.0075699
0.0065947
0.0074868
0.0068802
0.0087376
0.0097739
0.0090805
0.0077049
0.009906
0.0093849
0.0079461
0.006839
0.0066799
0.009624
0.0089931
0.0070224
0.0068398
0.0084001
0.0095181
0.0087331
0.0072508
0.010391
0.0087847
0.0091726
0.010046
0.0099208
0.010694
0.0077365
0.0088964
0.012076
0.0083951
0.011368
0.0094045
0.012192
0.010318
0.016114
0.010433
0.010924
0.014602
0.008517
0.010891
0.011396
0.019307
0.01749
0.017336
0.019079
0.015181
0.013239
0.012195
0.013436
0.013956
0.012314
0.011164
0.015126
0.013906
0.015528
0.013648
0.015975
0.015185
0.014853
0.019723
0.013862
0.020056
0.015521
0.015557
0.017915
0.014153
0.015401
0.019915
0.020574
0.017645
0.022513
0.024121
0.017925
0.024654
0.02052
0.020921
0.023419
0.0232
0.02513
0.023625
0.021684
0.016888
0.019559
0.012192
0.018233
0.020238
0.019553
0.02291
0.018316
0.017617
0.017159
0.013785
0.012576
0.01228
0.011966
0.010742
0.010223
0.01021
0.013051
0.010338
0.012305
0.011184
0.016756
0.014045
0.014754
0.014803
0.016936
0.015002
0.010165
0.0089017
0.013068
0.0090304
0.0098684
0.014479
0.012044
0.012885
0.014773
0.015961
0.015075
0.01548
0.015014
0.015276
0.016321
0.016376
0.015466
0.017917
0.015867
0.01647
0.021696
0.020698
0.022744
0.022345
0.023005
0.021887
0.023806
0.02545
0.024063
0.024562
0.011792
0.012374
0.010257
0.0098299
0.011327
0.007937
0.012296
0.0088838
0.010856
0.0079408
0.012717
0.0083958
0.0099791
0.0077151
0.009578
0.010718
0.0082356
0.011206
0.0093331
0.0092637
0.0093144
0.008363
0.0098015
0.010723
0.01019
0.0099192
0.0096826
0.0099815
0.01083
0.010825
0.011501
0.012254
0.014477
0.013506
0.015051
0.014254
0.010489
0.010481
0.0093574
0.014442
0.014431
0.016719
0.01789
0.018257
0.008876
0.0097946
0.011252
0.010537
0.013208
0.01305
0.011747
0.0096408
0.014694
0.014887
0.015271
0.019884
0.01777
0.016293
0.012475
0.015355
0.015077
0.014149
0.015757
0.013409
0.013278
0.015126
0.013734
0.020162
0.017938
0.015809
0.020915
0.01744
0.019016
0.02113
0.014969
0.020553
0.017912
0.022228
0.021071
0.022009
0.022185
0.021332
0.020593
0.023299
0.023097
0.026467
0.024196
0.024656
0.02304
0.023941
0.019817
0.020989
0.018228
0.01327
0.013604
0.013444
0.012709
0.014164
0.014243
0.014198
0.012791
0.022058
0.023939
0.01801
0.019066
0.020161
0.012287
0.014507
0.01411
0.012757
0.012215
0.011382
0.017305
0.013747
0.014541
0.012887
0.011901
0.01545
0.01485
0.013596
0.016438
0.01529
0.020198
0.017885
0.019181
0.0217
0.018574
0.023301
0.019851
0.023824
0.023638
0.017775
0.015482
0.016823
0.019058
0.018772
0.019887
0.019753
0.022374
0.02156
0.022825
0.026346
0.02473
0.02276
0.025031
0.024027
0.011226
0.011495
0.0114
0.0098913
0.010392
0.0096106
0.0092836
0.008729
0.0071881
0.0077916
0.0091265
0.0071967
0.010723
0.0070444
0.013461
0.0097176
0.010792
0.011628
0.013548
0.011287
0.009754
0.0096076
0.0098161
0.0099988
0.013918
0.007537
0.007789
0.0076404
0.010722
0.0093543
0.0075776
0.0082561
0.008564
0.0085176
0.01504
0.014506
0.010576
0.012237
0.0089937
0.0089931
0.011117
0.018384
0.01048
0.011823
0.018359
0.013293
0.011205
0.013637
0.016506
0.011533
0.013262
0.017214
0.0098853
0.0096521
0.0118
0.01007
0.011713
0.011854
0.014633
0.01117
0.011433
0.011393
0.014962
0.015495
0.017584
0.019386
0.018295
0.020515
0.020262
0.017764
0.019842
0.021112
0.01939
0.019682
0.014027
0.021198
0.022985
0.023707
0.0099108
0.015187
0.023058
0.022214
0.02231
0.023047
0.020486
0.019456
0.021248
0.0187
0.018399
0.012755
0.010559
0.011754
0.02247
0.018025
0.015246
0.022763
0.013401
0.015677
0.017299
0.018385
0.015695
0.010938
0.012232
0.012199
0.01243
0.011891
0.019726
0.011917
0.015768
0.011764
0.019765
0.014703
0.021484
0.015692
0.018171
0.015741
0.013013
0.015301
0.013541
0.015488
0.014684
0.018028
0.022176
0.021535
0.017978
0.020133
0.023433
0.019635
0.018444
0.013609
0.018924
0.017677
0.014299
0.020307
0.015251
0.023662
0.017676
0.021399
0.016815
0.015238
0.016408
0.016454
0.01559
0.022025
0.024452
0.02586
0.025553
0.025363
0.025168
0.024558
0.017862
0.017528
0.017298
0.020139
0.019772
0.021708
0.02566
0.023807
0.024822
0.0086623
0.011092
0.0092438
0.010904
0.010937
0.011976
0.0095414
0.012708
0.0090675
0.016552
0.010512
0.0086503
0.017594
0.013242
0.012703
0.015237
0.010881
0.010364
0.012143
0.011694
0.011019
0.017379
0.018726
0.013058
0.015671
0.013618
0.014265
0.014045
0.015097
0.012699
0.01659
0.016385
0.015192
0.012081
0.016183
0.014897
0.017898
0.013628
0.014613
0.018418
0.016112
0.017946
0.019355
0.02051
0.014858
0.019069
0.020074
0.019347
0.015729
0.020299
0.023458
0.017853
0.022087
0.017922
0.019839
0.018898
0.018798
0.017511
0.018735
0.016884
0.016559
0.01924
0.019632
0.02358
0.023215
0.023191
0.024871
0.022026
0.024307
0.026071
0.022067
0.019295
0.027707
0.01833
0.027576
0.024273
0.023433
0.015944
0.023735
0.021974
0.01506
0.019878
0.020346
0.026331
0.023828
0.01945
0.014584
0.012938
0.016576
0.011716
0.024138
0.025674
0.015686
0.015581
0.020548
0.02544
0.026425
0.018426
0.019168
0.024835
0.022362
0.015847
0.016998
0.018185
0.022597
0.016957
0.017727
0.017457
0.013908
0.011188
0.017914
0.012623
0.010341
0.011409
0.010708
0.013109
0.0092813
0.010239
0.010093
0.0103
0.014485
0.014318
0.016541
0.015263
0.016808
0.013434
0.018979
0.020664
0.017224
0.022089
0.022906
0.023533
0.015099
0.015891
0.01594
0.015017
0.01599
0.01466
0.017021
0.019866
0.023057
0.022587
0.018305
0.018201
0.017896
0.013502
0.013989
0.019373
0.019665
0.02122
0.01959
0.021676
0.023694
0.023048
0.022963
0.0245
0.024045
0.024337
0.024375
0.023466
0.014857
0.015917
0.015151
0.01476
0.019706
0.018603
0.022114
0.020572
0.023775
0.021134
0.026108
0.02074
0.019367
0.025421
0.013352
0.010766
0.0095934
0.010525
0.010425
0.010199
0.008871
0.01004
0.012849
0.010712
0.010165
0.011325
0.010127
0.011415
0.013302
0.012304
0.01524
0.011345
0.010667
0.011889
0.011769
0.012442
0.010739
0.010851
0.010728
0.015919
0.0099784
0.013152
0.0094039
0.010225
0.011733
0.014831
0.011672
0.012452
0.01309
0.0099283
0.015714
0.012514
0.013858
0.012762
0.0096888
0.014251
0.014968
0.0081019
0.012318
0.014593
0.011809
0.014368
0.014381
0.014097
0.0086857
0.011251
0.010317
0.014935
0.012528
0.0079635
0.015362
0.013195
0.016466
0.0090552
0.010318
0.015237
0.018008
0.013742
0.0088879
0.010607
0.013406
0.013827
0.015468
0.012878
0.011379
0.011774
0.011464
0.014105
0.014043
0.014187
0.010983
0.013847
0.011027
0.012484
0.010224
0.013544
0.0088539
0.010009
0.013417
0.011602
0.01102
0.011488
0.012666
0.013239
0.01333
0.014048
0.0099363
0.01163
0.012364
0.010657
0.010571
0.0099084
0.0098852
0.011423
0.0098429
0.011038
0.0098728
0.011688
0.0086756
0.010675
0.0096243
0.010561
0.0090301
0.0084149
0.0097251
0.0098194
0.0098795
0.0083997
0.0091179
0.0096022
0.01019
0.010025
0.0091449
0.010748
0.011133
0.010692
0.013817
0.012778
0.012878
0.013752
0.013239
0.012749
0.015055
0.014639
0.013759
0.015775
0.012415
0.013525
0.0095852
0.011896
0.0090561
0.0099932
0.010534
0.014585
0.0087856
0.011422
0.0089431
0.011095
0.0094318
0.010955
0.013327
0.014417
0.0089242
0.0092786
0.0091504
0.0099894
0.011456
0.010674
0.011896
0.017888
0.011145
0.011442
0.018556
0.010596
0.012057
0.010698
0.016359
0.015005
0.016816
0.017505
0.015788
0.018141
0.015445
0.017971
0.018408
0.017335
0.015839
0.01434
0.019792
0.019766
0.013313
0.011811
0.0099515
0.016103
0.012399
0.012084
0.0094194
0.019328
0.010904
0.01332
0.01853
0.012003
0.021409
0.011405
0.011308
0.011515
0.010385
0.012038
0.013497
0.011994
0.013101
0.0119
0.013602
0.012279
0.015075
0.015207
0.014867
0.016824
0.011639
0.016936
0.01368
0.022132
0.02124
0.017757
0.023509
0.025611
0.020788
0.015096
0.018378
0.020454
0.024186
0.014902
0.021104
0.01285
0.014963
0.0077265
0.018908
0.011144
0.010292
0.013769
0.011536
0.010235
0.011992
0.011917
0.010688
0.0096343
0.015393
0.016089
0.013492
0.014135
0.013254
0.01424
0.014782
0.011614
0.013478
0.011912
0.01416
0.016561
0.012782
0.013573
0.014967
0.014915
0.014292
0.014071
0.01387
0.018817
0.022665
0.021016
0.018114
0.018142
0.015735
0.01261
0.017014
0.014117
0.014721
0.016422
0.018292
0.018565
0.02005
0.02256
0.01823
0.017257
0.018436
0.018266
0.014163
0.020296
0.022222
0.023651
0.017281
0.01573
0.024158
0.024344
0.026401
0.027017
0.021747
0.023881
0.022466
0.02619
0.025396
0.024124
0.022919
0.023831
0.020557
0.023714
0.016818
0.017744
0.010556
0.0091614
0.010522
0.0096535
0.0090331
0.009194
0.0078525
0.009439
0.0093432
0.010378
0.012868
0.011453
0.012284
0.013133
0.013137
0.0097621
0.010515
0.012326
0.010405
0.01063
0.0088384
0.010437
0.010098
0.0089294
0.012359
0.01011
0.013941
0.013776
0.01111
0.010278
0.0096322
0.010691
0.011174
0.011293
0.0095472
0.012107
0.012635
0.010709
0.011559
0.010759
0.0091106
0.0092349
0.0093391
0.012618
0.010697
0.011221
0.0096993
0.013222
0.010988
0.012673
0.010048
0.0097694
0.014079
0.012001
0.0098413
0.013428
0.01383
0.01284
0.009892
0.011263
0.0095092
0.012344
0.011397
0.012267
0.0099871
0.013459
0.010376
0.012928
0.013768
0.014943
0.012126
0.015123
0.01428
0.01479
0.014019
0.013295
0.014816
0.018048
0.013348
0.01244
0.0156
0.013928
0.013214
0.011669
0.0096719
0.0076119
0.010404
0.010404
0.0087519
0.0098965
0.0089116
0.0082507
0.0088251
0.007308
0.0099593
0.010525
0.012599
0.010739
0.012323
0.014885
0.012559
0.012492
0.014122
0.0087284
0.007939
0.0095873
0.0070546
0.0097402
0.0097253
0.011567
0.0089667
0.0074669
0.0076696
0.01322
0.013981
0.011263
0.011815
0.010486
0.012223
0.014199
0.011256
0.011784
0.011843
0.011955
0.0081409
0.0071667
0.0081187
0.008428
0.0076751
0.0090685
0.0078102
0.0090746
0.010768
0.010327
0.01419
0.013021
0.01253
0.011983
0.014658
0.011997
0.014082
0.014056
0.012619
0.011962
0.016108
0.014981
0.012585
0.014383
0.013541
0.014787
0.01383
0.015497
0.015859
0.016072
0.015935
0.01687
0.016005
0.017256
0.016101
0.011072
0.0094394
0.010376
0.0091623
0.015817
0.0098521
0.012988
0.01944
0.016946
0.018369
0.020712
0.020009
0.0179
0.02169
0.025668
0.020471
0.01842
0.02098
0.021013
0.021896
0.02832
0.025669
0.020234
0.022552
0.023708
0.028066
0.029159
0.028732
0.031255
0.033814
0.026875
0.028048
0.015193
0.020883
0.018755
0.026178
0.028778
0.021131
0.015067
0.0139
0.014614
0.013695
0.012575
0.011887
0.012645
0.012036
0.013292
0.012648
0.01289
0.011864
0.0096695
0.010427
0.013617
0.012498
0.0094476
0.012145
0.01336
0.010602
0.010951
0.012231
0.010008
0.012534
0.012323
0.010405
0.01273
0.012304
0.010529
0.0096977
0.012052
0.010735
0.012757
0.01148
0.0091865
0.011456
0.0073649
0.009542
0.0069246
0.010818
0.010743
0.011047
0.01004
0.012502
0.01166
0.011786
0.0087509
0.0099854
0.011399
0.010041
0.0085398
0.010962
0.010995
0.010642
0.0092941
0.0087109
0.0086676
0.011195
0.010746
0.014921
0.011685
0.0094461
0.0091535
0.010183
0.0095562
0.0086416
0.0098241
0.010032
0.0084689
0.0082514
0.0088192
0.0077858
0.01047
0.012587
0.012868
0.010188
0.0082693
0.0072015
0.0073038
0.010063
0.012312
0.01525
0.010984
0.012139
0.012735
0.010915
0.011267
0.011311
0.0079925
0.006947
0.0089772
0.0090551
0.0080567
0.0084144
0.01072
0.0086046
0.012095
0.01017
0.011073
0.01194
0.0093766
0.012336
0.010798
0.011029
0.013605
0.010769
0.012009
0.012039
0.011708
0.010273
0.010703
0.0082255
0.0094033
0.0095665
0.011865
0.016407
0.014307
0.012651
0.016109
0.0066915
0.010767
0.010164
0.012531
0.0088621
0.0093302
0.010334
0.011396
0.013082
0.0095733
0.010474
0.010823
0.014063
0.015963
0.015882
0.024131
0.021819
0.018379
0.024158
0.024596
0.033686
0.027324
0.010981
0.011503
0.017002
0.011626
0.014283
0.022182
0.018073
0.014919
0.025069
0.020456
0.031302
0.036441
0.024642
0.038156
0.032388
0.039556
0.029524
0.029938
0.035957
0.032845
0.035051
0.03426
0.033649
0.033144
0.033755
0.029222
0.028371
0.026151
0.024757
0.029759
0.019776
0.016087
0.015364
0.026755
0.034454
0.029338
0.027319
0.026961
0.025564
0.028451
0.024149
0.022298
0.026167
0.02545
0.016189
0.021626
0.021831
0.021986
0.031212
0.018088
0.02595
0.019487
0.033558
0.036371
0.034274
0.021696
0.022716
0.021867
0.030591
0.0298
0.020226
0.023627
0.026182
0.026612
0.029401
0.022729
0.033624
0.025556
0.023771
0.031953
0.023706
0.025159
0.021056
0.034995
0.028942
0.030719
0.032579
0.031431
0.03247
0.033537
0.013651
0.015064
0.012874
0.011837
0.012357
0.012718
0.013058
0.01473
0.012411
0.01747
0.014826
0.01616
0.022841
0.017613
0.023586
0.014271
0.020352
0.022688
0.014114
0.016968
0.01732
0.014601
0.016536
0.014212
0.012986
0.01434
0.014648
0.014385
0.035023
0.031775
0.034113
0.033707
0.032395
0.028487
0.034899
0.033336
0.033145
0.028229
0.033433
0.031017
0.023895
0.027466
0.030135
0.012251
0.0147
0.016332
0.015177
0.014768
0.015461
0.014084
0.014174
0.013711
0.014336
0.012534
0.010289
0.012123
0.0096572
0.014703
0.012341
0.012526
0.011716
0.013291
0.010231
0.011749
0.010207
0.015376
0.010586
0.009701
0.012369
0.013826
0.0096831
0.0097977
0.011098
0.01151
0.011979
0.012776
0.01352
0.027097
0.022272
0.017134
0.023665
0.02515
0.025021
0.019459
0.025455
0.02053
0.017356
0.015933
0.016909
0.013908
0.010472
0.0085541
0.0097631
0.0112
0.010735
0.010459
0.0115
0.011184
0.0084915
0.01084
0.0095946
0.010283
0.010644
0.021906
0.012459
0.011986
0.01149
0.010709
0.014858
0.014219
0.0093295
0.012435
0.0080702
0.010393
0.0093806
0.0080331
0.010817
0.010367
0.013296
0.015232
0.012004
0.010391
0.0088118
0.0088873
0.013293
0.0069877
0.011994
0.010967
0.010825
0.011292
0.011385
0.011472
0.013236
0.012861
0.010059
0.010314
0.010278
0.010486
0.0107
0.012718
0.013523
0.014187
0.0088002
0.011316
0.014262
0.014234
0.011113
0.011752
0.012509
0.011042
0.0095879
0.010488
0.014272
0.011513
0.014774
0.013869
0.012009
0.01373
0.010335
0.011516
0.012749
0.012657
0.0094807
0.011765
0.0093635
0.011542
0.0096132
0.011058
0.01172
0.012294
0.012252
0.0096828
0.011721
0.010909
0.011075
0.013156
0.0097
0.0093714
0.011782
0.013008
0.009743
0.011092
0.010322
0.011117
0.0074918
0.0081311
0.012435
0.012213
0.012677
0.01886
0.015136
0.01221
0.021482
0.019989
0.028424
0.01013
0.0086514
0.009522
0.013056
0.0094096
0.010473
0.011563
0.015591
0.020341
0.010617
0.01333
0.019461
0.029787
0.020728
0.033406
0.03558
0.035253
0.022954
0.036211
0.032241
0.040254
0.03616
0.010651
0.025839
0.023825
0.018758
0.021216
0.030497
0.030765
0.027255
0.036578
0.034846
0.037959
0.040928
0.038408
0.040157
0.03442
0.037942
0.032256
0.017321
0.013968
0.015745
0.012507
0.013042
0.014275
0.013569
0.014003
0.013826
0.025246
0.026664
0.023843
0.021785
0.026062
0.018643
0.027784
0.021496
0.016399
0.020205
0.028561
0.032909
0.027502
0.031977
0.032419
0.029363
0.027936
0.014235
0.013842
0.014239
0.01485
0.015457
0.014623
0.014094
0.014104
0.015277
0.014633
0.015596
0.014856
0.014925
0.01388
0.014677
0.014451
0.015451
0.012772
0.015145
0.017671
0.016616
0.014023
0.013225
0.015962
0.018822
0.01598
0.019145
0.020468
0.016078
0.023473
0.014933
0.015715
0.015479
0.015063
0.018473
0.01723
0.015675
0.021992
0.015737
0.027505
0.030407
0.020307
0.02944
0.020945
0.029388
0.02621
0.028839
0.02411
0.027091
0.02528
0.028844
0.028015
0.02606
0.018898
0.018574
0.018118
0.019088
0.019115
0.014004
0.01627
0.015664
0.015813
0.018886
0.016504
0.017057
0.019325
0.013235
0.01624
0.018485
0.015569
0.016286
0.015886
0.017032
0.024128
0.023059
0.025743
0.023895
0.022545
0.021009
0.019742
0.020388
0.019572
0.017022
0.017822
0.017867
0.015185
0.01405
0.017023
0.014249
0.014016
0.013041
0.013331
0.015688
0.014437
0.019248
0.014507
0.01504
0.016803
0.017547
0.016202
0.016228
0.016407
0.014815
0.013112
0.012582
0.011577
0.011873
0.010284
0.0097355
0.015194
0.015028
0.013751
0.014136
0.014531
0.014268
0.013998
0.011653
0.010207
0.014538
0.011234
0.013693
0.0088092
0.011384
0.014252
0.012527
0.0092074
0.0095261
0.010922
0.013175
0.009692
0.011139
0.011397
0.0086177
0.010528
0.011208
0.0095989
0.010716
0.010724
0.010841
0.010078
0.010996
0.011579
0.01067
0.010087
0.011411
0.011638
0.010046
0.013346
0.011616
0.010322
0.010001
0.012325
0.013831
0.013136
0.010597
0.012249
0.012428
0.012708
0.013153
0.014417
0.01651
0.019654
0.018567
0.020414
0.021949
0.027076
0.0055266
0.0062049
0.0063399
0.0054738
0.0062449
0.0083578
0.016275
0.016169
0.011074
0.016521
0.010708
0.011251
0.011207
0.0078279
0.021299
0.022952
0.020273
0.02067
0.013092
0.020711
0.021316
0.0087174
0.011582
0.01492
0.012803
0.0081833
0.012574
0.013709
0.0093623
0.017784
0.016455
0.018072
0.015189
0.010967
0.01359
0.011366
