0.015165
0.013097
0.012563
0.011131
0.0098411
0.015354
0.01391
0.012627
0.013225
0.013136
0.015059
0.013905
0.01323
0.011985
0.011783
0.0094624
0.013473
0.0148
0.012471
0.0084326
0.013954
0.010216
0.011171
0.011106
0.0109
0.010329
0.027563
0.0092137
0.039777
0.010443
0.010466
0.0089755
0.010235
0.012787
0.015132
0.015556
0.008443
0.018682
0.01634
0.014261
0.01449
0.013981
0.015865
0.012829
0.012981
0.012214
0.013902
0.012187
0.0098604
0.013083
0.013957
0.015089
0.011864
0.016886
0.0079695
0.010464
0.011053
0.012073
0.011261
0.010305
0.01086
0.014655
0.0092531
0.0091361
0.0081013
0.013365
0.0097418
0.013335
0.013445
0.0088823
0.0087416
0.007162
0.0089948
0.009767
0.012003
0.0099912
0.015751
0.0088501
0.015854
0.011725
0.010928
0.011257
0.011452
0.0093039
0.0092743
0.014194
0.014097
0.015057
0.0157
0.012558
0.013572
0.012489
0.017728
0.01349
0.010062
0.010292
0.013183
0.011464
0.012023
0.012405
0.014692
0.010963
0.014024
0.015154
0.015497
0.014164
0.017486
0.011742
0.017789
0.017556
0.011015
0.014632
0.016421
0.019952
0.0095759
0.010254
0.011025
0.010963
0.010994
0.044056
0.014927
0.012004
0.01039
0.011872
0.010228
0.010036
0.010171
0.016397
0.0096803
0.0092111
0.0082498
0.011119
0.010622
0.011565
0.010866
0.011618
0.01035
0.010494
0.013248
0.0081864
0.011605
0.0099195
0.0091338
0.011811
0.011735
0.010215
0.010163
0.018753
0.013433
0.012231
0.011641
0.01358
0.017864
0.017165
0.01152
0.046634
0.015997
0.015673
0.042017
0.011498
0.017739
0.00912
0.032233
0.01172
0.020005
0.012988
0.02027
0.023342
0.022618
0.020043
0.022133
0.010658
0.019336
0.0094575
0.011183
0.014194
0.012614
0.011146
0.0092387
0.037255
0.014339
0.011121
0.0088576
0.023431
0.013384
0.018588
0.014957
0.021059
0.022173
0.018685
0.018068
0.017857
0.0085235
0.020329
0.022183
0.01887
0.0091003
0.0087418
0.020151
0.021482
0.022895
0.018499
0.018774
0.014667
0.0089071
0.015864
0.011635
0.011839
0.0097046
0.020667
0.018278
0.011348
0.018936
0.01777
0.014687
0.015156
0.015915
0.017014
0.02074
0.020335
0.011917
0.011273
0.022686
0.019727
0.020637
0.013883
0.021195
0.010957
0.01195
0.015439
0.013593
0.013962
0.022124
0.023076
0.023247
0.011777
0.01024
0.022208
0.021636
0.023417
0.018782
0.019749
0.020431
0.016903
0.017559
0.014718
0.015133
0.01305
0.018883
0.019755
0.022741
0.024546
0.023134
0.021524
0.021977
0.019296
0.020866
0.019243
0.0068116
0.0066208
0.019938
0.015138
0.020701
0.0079966
0.020037
0.019033
0.021076
0.020355
0.014569
0.017604
0.01591
0.017166
0.017976
0.015494
0.015632
0.013849
0.017495
0.013851
0.018606
0.017315
0.013534
0.016567
0.017504
0.016708
0.020667
0.018469
0.015109
0.015093
0.02167
0.020618
0.020601
0.019538
0.021317
0.018873
0.020989
0.01738
0.016711
0.020354
0.016652
0.023584
0.012027
0.014763
0.023213
0.021524
0.019832
0.022907
0.022161
0.017214
0.022058
0.019525
0.019168
0.01415
0.010681
0.016783
0.014924
0.016194
0.014361
0.015962
0.015886
0.014683
0.013909
0.012538
0.013887
0.0098491
0.009285
0.013981
0.0098572
0.011685
0.0090612
0.010316
0.012107
0.0099293
0.011888
0.011814
0.011742
0.010363
0.010201
0.0096995
0.0088246
0.009165
0.0084174
0.010299
0.010017
0.0098612
0.00789
0.012264
0.01057
0.015398
0.013015
0.012759
0.0094513
0.014452
0.0088249
0.0082181
0.0095071
0.01381
0.01173
0.011031
0.010869
0.0098181
0.011255
0.011152
0.011556
0.018191
0.012324
0.016393
0.021622
0.014142
0.020556
0.017994
0.020426
0.022646
0.015568
0.0142
0.015643
0.015254
0.0076681
0.0077491
0.0093593
0.0071724
0.0078166
0.007941
0.014035
0.0069381
0.0075452
0.0059431
0.0088077
0.0080587
0.0067479
0.0075191
0.0078883
0.0081419
0.008604
0.0085002
0.0068371
0.0069831
0.0074936
0.010379
0.0091804
0.0077354
0.010358
0.012853
0.012255
0.007861
0.011778
0.0081591
0.0097791
0.0090106
0.01276
0.0084872
0.0089746
0.011045
0.007604
0.006883
0.0079741
0.0066586
0.006636
0.0080663
0.0067598
0.0075472
0.0071564
0.010856
0.011306
0.011363
0.012252
0.008243
0.01074
0.0088803
0.0084746
0.010284
0.010063
0.010302
0.012853
0.011785
0.011091
0.01182
0.010743
0.010856
0.01295
0.011421
0.012378
0.013022
0.012901
0.011995
0.009525
0.010869
0.0099803
0.012684
0.010423
0.011054
0.011097
0.011316
0.012083
0.0081797
0.0087863
0.0096421
0.008994
0.008725
0.0088553
0.012596
0.0094481
0.010184
0.012869
0.010642
0.010423
0.0096512
0.011687
0.0093208
0.012495
0.014791
0.0095249
0.012855
0.013731
0.011729
0.0090676
0.0084162
0.012961
0.012996
0.012772
0.013003
0.011855
0.013009
0.012493
0.013698
0.012728
0.01476
0.012426
0.012188
0.017906
0.013796
0.0098847
0.013976
0.0093813
0.0084692
0.020188
0.020268
0.012651
0.013872
0.0084384
0.009394
0.0092264
0.014018
0.017242
0.01315
0.018355
0.015644
0.014817
0.02151
0.01841
0.015875
0.024189
0.013436
0.02367
0.018919
0.024885
0.026804
0.013848
0.020398
0.017634
0.024606
0.02658
0.022338
0.022233
0.0092524
0.0097087
0.0091718
0.0065509
0.0087884
0.0092622
0.009114
0.016403
0.0086743
0.0090909
0.0092166
0.010491
0.0094055
0.0091775
0.0092923
0.0091931
0.011033
0.0097761
0.010917
0.0093938
0.010082
0.010881
0.0097572
0.011243
0.010071
0.0093324
0.0099922
0.015217
0.0099764
0.010207
0.016445
0.011171
0.015455
0.0097159
0.013326
0.013714
0.015026
0.0076025
0.0084026
0.017261
0.0081835
0.0079082
0.0089682
0.0093181
0.0082135
0.0082097
0.0093046
0.008878
0.0076492
0.0089085
0.0087912
0.0075289
0.010777
0.0094738
0.0080076
0.0099067
0.010254
0.010964
0.011034
0.0093255
0.011006
0.010441
0.012043
0.010432
0.011322
0.014244
0.01189
0.01171
0.0093622
0.011669
0.010653
0.013086
0.0089511
0.0088548
0.0094151
0.0095257
0.0089625
0.008192
0.0098627
0.010247
0.0094477
0.011074
0.011457
0.0091773
0.010083
0.011384
0.010681
0.012222
0.011443
0.011175
0.012247
0.0057498
0.011248
0.011403
0.012046
0.0058919
0.011715
0.013605
0.012721
0.014811
0.015865
0.022133
0.012236
0.018064
0.021404
0.015712
0.014211
0.026168
0.027397
0.0072957
0.02404
0.020574
0.016545
0.015419
0.025291
0.010125
0.024777
0.022167
0.010373
0.018099
0.02327
0.011417
0.025581
0.025298
0.02482
0.037138
0.0095357
0.010169
0.010018
0.011845
0.0084417
0.0070961
0.010756
0.0073805
0.016256
0.0066849
0.01303
0.01421
0.012192
0.012806
0.011355
0.015115
0.017254
0.017261
0.015911
0.015131
0.015173
0.015823
0.011776
0.011113
0.012542
0.017528
0.013847
0.013498
0.015963
0.012259
0.015459
0.012436
0.014367
0.0065756
0.012227
0.0082628
0.015114
0.02019
0.018593
0.021331
0.012442
0.013059
0.015533
0.0063497
0.0094157
0.013056
0.01998
0.017319
0.011828
0.01503
0.013758
0.010598
0.013572
0.014845
0.0099191
0.010096
0.012465
0.013392
0.013069
0.022181
0.019211
0.019775
0.020138
0.017556
0.015015
0.01173
0.012411
0.017786
0.011724
0.012672
0.01063
0.011445
0.013371
0.019507
0.016783
0.016031
0.017369
0.017708
0.020519
0.014672
0.013085
0.014101
0.01447
0.021033
0.020691
0.021085
0.021345
0.018433
0.015369
0.012049
0.014017
0.011958
0.016427
0.014029
0.012016
0.012347
0.011945
0.019071
0.017947
0.018046
0.020228
0.022086
0.021044
0.020452
0.014461
0.021993
0.015066
0.019637
0.014518
0.017453
0.018568
0.021404
0.016054
0.017363
0.01235
0.014052
0.014749
0.019684
0.013463
0.0099801
0.016171
0.010198
0.010434
0.010132
0.010779
0.01138
0.011543
0.011044
0.01015
0.01142
0.011461
0.010361
0.0096065
0.010206
0.017594
0.010482
0.010343
0.0095879
0.0096344
0.015138
0.014005
0.012649
0.017238
0.014047
0.012077
0.011497
0.013127
0.015484
0.01114
0.010265
0.014257
0.014479
0.014499
0.011809
0.014249
0.013495
0.014236
0.013062
0.011987
0.011186
0.013375
0.01101
0.0093611
0.011888
0.010982
0.012832
0.010842
0.010705
0.013485
0.014138
0.013898
0.013329
0.014515
0.014743
0.015536
0.016223
0.014022
0.014214
0.014033
0.013484
0.015877
0.015956
0.016551
0.012276
0.016294
0.013839
0.015536
0.011891
0.011877
0.0086628
0.014409
0.013204
0.012973
0.0089832
0.012237
0.011414
0.012901
0.0091022
0.012034
0.0093687
0.010213
0.011447
0.010071
0.014688
0.0094418
0.012162
0.0092084
0.013168
0.018691
0.015949
0.0092732
0.0091314
0.0091759
0.011319
0.0095648
0.013655
0.0079896
0.0088785
0.011596
0.0084759
0.0076482
0.011305
0.0081268
0.0082959
0.0083955
0.011464
0.0083659
0.012008
0.0089033
0.0077305
0.0099582
0.011345
0.0133
0.011872
0.012878
0.011243
0.012885
0.013932
0.013306
0.01202
0.013631
0.011391
0.014324
0.01529
0.011407
0.013084
0.013232
0.016813
0.017883
0.014172
0.019728
0.017521
0.012064
0.017989
0.02048
0.021998
0.016656
0.013624
0.014606
0.022175
0.012427
0.012462
0.021611
0.013659
0.023307
0.0085845
0.022422
0.020684
0.0064495
0.015757
0.01353
0.015912
0.014409
0.014798
0.012756
0.013498
0.010258
0.013989
0.013238
0.0080316
0.0067392
0.0097001
0.010637
0.012997
0.0074543
0.014452
0.0097624
0.010162
0.0071325
0.012141
0.010218
0.014028
0.0096751
0.0078288
0.010851
0.010776
0.011777
0.0065926
0.0099459
0.010158
0.0068445
0.0066321
0.0066023
0.006275
0.0063805
0.0072543
0.0081117
0.0086551
0.0067911
0.0056214
0.0078168
0.0063694
0.0083158
0.0069506
0.007609
0.0066779
0.0091392
0.0086555
0.0078631
0.0071131
0.010515
0.012132
0.011457
0.0081371
0.0089806
0.0075213
0.0062575
0.016484
0.01515
0.016408
0.015016
0.016757
0.012862
0.019029
0.014478
0.019934
0.018742
0.017696
0.012974
0.013216
0.013985
0.012604
0.012527
0.012969
0.021987
0.024273
0.023354
0.0080575
0.0094286
0.024569
0.022932
0.023545
0.0093896
0.0097418
0.010377
0.0097956
0.011107
0.0097835
0.0097402
0.01046
0.011202
0.013471
0.012702
0.010081
0.010432
0.0079913
0.010447
0.0097213
0.0092622
0.0090867
0.0091015
0.0092067
0.0095829
0.0088207
0.0075869
0.0091269
0.0077696
0.0092327
0.0088319
0.011209
0.013984
0.014119
0.011044
0.010748
0.010262
0.014298
0.012462
0.014363
0.012015
0.013342
0.013041
0.015901
0.017047
0.016958
0.015478
0.014818
0.011844
0.016318
0.022645
0.023448
0.025809
0.025282
0.022095
0.024155
0.021921
0.023098
0.011129
0.010495
0.012927
0.0087051
0.010022
0.010626
0.011028
0.013998
0.01399
0.018854
0.018665
0.022984
0.023548
0.022037
0.021178
0.022757
0.013786
0.010297
0.01373
0.01138
0.013138
0.017696
0.015066
0.015857
0.013561
0.010932
0.012906
0.014069
0.010627
0.010833
0.012657
0.012494
0.013541
0.014014
0.013217
0.014624
0.014027
0.015125
0.014496
0.014767
0.017352
0.016909
0.016261
0.016077
0.017473
0.018839
0.01835
0.014571
0.02022
0.020655
0.017247
0.020934
0.018608
0.019915
0.020591
0.021454
0.013695
0.01687
0.014551
0.016891
0.013198
0.015845
0.018488
0.018722
0.017547
0.020119
0.020794
0.02148
0.019115
0.017083
0.015786
0.018591
0.015546
0.012647
0.013833
0.018819
0.016687
0.014775
0.015661
0.012439
0.015566
0.011752
0.016632
0.01778
0.017517
0.017621
0.011182
0.015408
0.017587
0.017681
0.01353
0.016753
0.022236
0.016347
0.022307
0.012554
0.019945
0.015866
0.013103
0.015495
0.020891
0.020974
0.014649
0.011992
0.011338
0.0096856
0.0087805
0.0098461
0.009374
0.010909
0.0094411
0.009226
0.008188
0.012883
0.0094682
0.01052
0.0097145
0.011458
0.018526
0.016845
0.01546
0.015307
0.013117
0.012519
0.014274
0.0080195
0.020018
0.011773
0.0079543
0.0086657
0.015161
0.014715
0.012381
0.015961
0.0083801
0.012557
0.013207
0.011447
0.0089799
0.012086
0.018257
0.011787
0.013554
0.015186
0.012977
0.013537
0.013976
0.014001
0.016739
0.013666
0.014419
0.017764
0.015964
0.016291
0.013742
0.013897
0.011161
0.010124
0.0094316
0.010244
0.0095969
0.011493
0.012556
0.011882
0.012667
0.0099586
0.01073
0.012028
0.012968
0.013602
0.010646
0.0142
0.010678
0.011533
0.012296
0.010967
0.012136
0.009964
0.011679
0.012827
0.014065
0.021071
0.013759
0.013798
0.013763
0.01504
0.013017
0.012446
0.014709
0.014799
0.013847
0.016719
0.015826
0.01491
0.014983
0.012364
0.013572
0.013628
0.011155
0.010743
0.010467
0.010909
0.0086208
0.0087637
0.0091634
0.0070489
0.01126
0.0092069
0.009875
0.01143
0.01439
0.014781
0.012846
0.0089721
0.0099813
0.010534
0.010257
0.0080302
0.0067926
0.0068658
0.0090587
0.0074745
0.0093786
0.0067637
0.0081023
0.0060179
0.0080745
0.0061207
0.0082605
0.0077981
0.0099365
0.011978
0.010659
0.011759
0.014639
0.02037
0.01694
0.020338
0.016275
0.015336
0.019532
0.019153
0.016752
0.012769
0.0085678
0.0089794
0.011838
0.009129
0.010616
0.0085299
0.0095673
0.0084204
0.0097298
0.0084669
0.0088982
0.0081339
0.0218
0.0078668
0.0079742
0.0067613
0.0067257
0.0077443
0.0068609
0.0058463
0.0105
0.0091006
0.0050281
0.0080053
0.0067426
0.006877
0.0076357
0.0097665
0.0079922
0.0094238
0.0090141
0.012853
0.010152
0.012038
0.016658
0.019601
0.015767
0.017849
0.016841
0.017587
0.015481
0.010782
0.015852
0.023284
0.020688
0.018589
0.0072986
0.020997
0.0073272
0.023194
0.014183
0.0081719
0.0073945
0.0091816
0.0071649
0.0093668
0.013661
0.013051
0.011939
0.013219
0.01318
0.013226
0.013101
0.0094639
0.014779
0.018193
0.014137
0.017364
0.012467
0.015841
0.016883
0.011827
0.01728
0.016689
0.016724
0.016581
0.015591
0.018183
0.016646
0.017354
0.020844
0.018476
0.021618
0.010598
0.0073835
0.0083441
0.0089841
0.0091585
0.0094966
0.0091632
0.0082697
0.008886
0.011821
0.013141
0.017408
0.014987
0.01461
0.01355
0.015562
0.015183
0.013674
0.015127
0.015919
0.021725
0.020784
0.020235
0.020925
0.02153
0.012391
0.0097778
0.009286
0.010049
0.013785
0.010941
0.011272
0.011953
0.010733
0.011977
0.012228
0.017322
0.016456
0.018025
0.020763
0.01385
0.016415
0.015018
0.015128
0.017815
0.019453
0.016186
0.021223
0.018873
0.020004
0.016594
0.019017
0.019248
0.022389
0.012742
0.022002
0.022238
0.021738
0.020427
0.01352
0.013045
0.014693
0.015915
0.015736
0.014372
0.012221
0.016796
0.017488
0.011263
0.015747
0.014512
0.016789
0.015115
0.019055
0.014914
0.01744
0.019483
0.019017
0.019186
0.021658
0.024355
0.019555
0.022957
0.020518
0.020185
0.020384
0.019394
0.022274
0.020931
0.021577
0.021533
0.023684
0.020742
0.018683
0.018599
0.018322
0.019287
0.020375
0.019055
0.019395
0.018979
0.011707
0.010483
0.010481
0.0095759
0.013698
0.011348
0.01272
0.012651
0.013907
0.010348
0.012464
0.019561
0.014546
0.013903
0.015539
0.01836
0.013163
0.010984
0.013763
0.014807
0.012486
0.014484
0.013796
0.013909
0.011815
0.011232
0.011454
0.010175
0.013371
0.009653
0.011026
0.0088939
0.0087506
0.007806
0.015373
0.011564
0.010009
0.010054
0.011176
0.010153
0.010535
0.011259
0.012084
0.010828
0.01177
0.0093751
0.010681
0.011614
0.011698
0.010782
0.0088747
0.011546
0.0093961
0.0098058
0.011144
0.011341
0.01331
0.011682
0.012964
0.011728
0.013407
0.011968
0.01178
0.010308
0.010214
0.014613
0.012955
0.009897
0.01075
0.014018
0.0087522
0.010893
0.010361
0.012053
0.017937
0.0088908
0.0087224
0.0082283
0.0073967
0.0081139
0.0093541
0.010864
0.010191
0.013374
0.0099087
0.00858
0.0089658
0.0088724
0.0068007
0.0083909
0.0089254
0.0089879
0.0076954
0.011299
0.0074798
0.0053674
0.0099153
0.01008
0.012076
0.007373
0.0074219
0.010863
0.011232
0.011461
0.014906
0.011677
0.011598
0.0098721
0.01114
0.0091281
0.010795
0.010956
0.011677
0.010601
0.010406
0.012306
0.011141
0.012483
0.01283
0.01349
0.015595
0.008077
0.013717
0.013455
0.01376
0.019463
0.017412
0.019826
0.01423
0.015481
0.016312
0.01801
0.016782
0.017189
0.010097
0.012544
0.012427
0.0085181
0.011908
0.0084566
0.0068537
0.0097762
0.013161
0.0076268
0.011789
0.010039
0.008772
0.012754
0.010065
0.0076147
0.0090458
0.0082456
0.0076563
0.0092009
0.0098955
0.0080457
0.011058
0.011023
0.0080238
0.0095849
0.0091665
0.0093503
0.0097887
0.0091247
0.014068
0.0067931
0.012783
0.0095057
0.0086288
0.0076832
0.0091342
0.0079733
0.0069916
0.0167
0.017795
0.013294
0.011449
0.013773
0.021207
0.012754
0.013865
0.014836
0.01569
0.015245
0.016131
0.017486
0.016376
0.013212
0.013352
0.0087833
0.0086837
0.009038
0.0085145
0.0089014
0.0078658
0.008225
0.0083959
0.0073099
0.0077532
0.008986
0.0082755
0.0083058
0.0089515
0.0093736
0.022149
0.0080996
0.015993
0.017544
0.012588
0.01753
0.01763
0.015115
0.017765
0.012822
0.012431
0.048619
0.013941
0.013986
0.013813
0.014426
0.013561
0.01289
0.012479
0.01342
0.013488
0.011996
0.012304
0.011267
0.012835
0.011946
0.01004
0.01184
0.012117
0.012547
0.011109
0.012594
0.014644
0.012932
0.013939
0.011247
0.014373
0.014401
0.015416
0.015356
0.0092148
0.011228
0.0072298
0.010399
0.046917
0.04756
0.046039
0.0082542
0.010793
0.015974
0.014825
0.012826
0.011203
0.014391
0.049868
0.048896
0.012278
0.011464
0.023575
0.010847
0.023246
0.011397
0.017859
0.016319
0.016194
0.014172
0.014821
0.017309
0.012282
0.011475
0.015087
0.013509
0.015675
0.016797
0.015152
0.01463
0.01468
0.015978
0.016563
0.015605
0.015892
0.016982
0.016417
0.017801
0.010136
0.0095719
0.010447
0.01063
0.010265
0.01153
0.009915
0.01305
0.01006
0.017829
0.018986
0.015609
0.01163
0.015197
0.011683
0.014816
0.013749
0.010762
0.01128
0.012867
0.012399
0.012744
0.01496
0.013567
0.014511
0.014852
0.016089
0.01515
0.016407
0.015364
0.018468
0.017463
0.015132
0.015101
0.01509
0.014549
0.014053
0.015832
0.016026
0.015953
0.012825
0.013328
0.013144
0.014404
0.014229
0.013273
0.01472
0.01394
0.01163
0.010986
0.010087
0.0097748
0.017006
0.014383
0.0089352
0.011432
0.008952
0.022468
0.022116
0.02547
0.024089
0.025819
0.023146
0.020134
0.024897
0.024293
0.023199
0.020724
0.021338
0.014622
0.0096865
0.013139
0.012764
0.014077
0.01456
0.013321
0.016941
0.013721
0.013106
0.015134
0.012804
0.011152
0.018145
0.018578
0.020884
0.021067
0.016357
0.020467
0.015126
0.016742
0.016707
0.017835
0.019309
0.01751
0.017725
0.019337
0.018731
0.020978
0.018179
0.01887
0.017406
0.017892
0.016378
0.018038
0.017461
0.016314
0.017404
0.018364
0.017783
0.018576
0.019125
0.017639
0.012196
0.01166
0.013409
0.010911
0.012622
0.016238
0.015629
0.015845
0.010531
0.017507
0.021198
0.022466
0.012446
0.01602
0.022244
0.020946
0.014208
0.019544
0.022545
0.021977
0.01381
0.01421
0.014018
0.013991
0.014707
0.017519
0.02316
0.021276
0.012483
0.022882
0.0168
0.021476
0.020075
0.024424
0.023245
0.020366
0.021844
0.023671
0.01842
0.017983
0.019083
0.022244
0.019468
0.018354
0.021639
0.022637
0.022261
0.024066
0.024913
0.024499
0.018687
0.018634
0.021565
0.023393
0.049832
0.049707
0.051464
0.049646
0.050783
0.049151
0.048115
0.049179
0.048646
0.04837
0.049776
0.042842
0.044663
0.042958
0.043032
0.040182
0.045533
0.046373
0.043878
0.045464
0.037314
0.046356
0.042678
0.041676
0.036221
0.028113
0.034842
0.04147
0.029382
0.037539
0.036821
0.033996
0.028225
0.031312
0.03222
0.022675
0.031455
0.0244
0.021751
0.028426
0.025217
0.019572
0.0142
0.023207
0.01553
0.02103
0.019157
0.016775
0.03626
0.02021
0.01836
0.01373
0.017718
0.018537
0.020778
0.016821
0.019105
0.019214
0.016481
0.018792
0.01745
0.015381
0.013578
0.015401
0.014779
0.014571
0.014325
0.016537
0.016586
0.010871
0.019422
0.015244
0.013375
0.015529
0.016535
0.011397
0.017348
0.015114
0.015696
0.018065
0.011829
0.018243
0.013157
0.0139
0.020784
0.015409
0.012191
0.013793
0.014917
0.015121
0.018691
0.012259
0.019588
0.013597
0.014872
0.013496
0.013585
0.01322
0.012778
0.011838
0.012142
0.013442
0.010315
0.0085712
0.0099879
0.009756
0.0091109
0.010163
0.012453
0.012654
0.0095391
0.008783
0.012784
0.015875
0.013316
0.013325
0.015044
0.015758
0.014085
0.012505
0.014222
0.015051
0.015084
0.012775
0.014387
0.014163
0.012788
0.01004
0.0095424
0.011648
0.009899
0.010071
0.011285
0.0098745
0.0093812
0.008515
0.01095
0.012347
0.009281
0.011061
0.0097999
0.011504
0.010787
0.01386
0.013586
0.013457
0.014481
0.014191
0.013949
0.016401
0.012247
0.012414
0.01526
0.012949
0.015551
0.015244
0.015806
0.017815
0.017501
0.016464
0.013749
0.014221
0.013195
0.015856
0.01553
0.016563
0.018388
0.0073285
0.0076258
0.0088327
0.010021
0.0075575
0.010002
0.0085909
0.010144
0.010135
0.0098097
0.012
0.008102
0.010138
0.0089022
0.0082134
0.010175
0.010302
0.010294
0.0097699
0.0090418
0.0087266
0.0077528
0.011946
0.0075911
0.0071189
0.0082199
0.009146
0.009201
0.0076304
0.010334
0.0088184
0.010683
0.010558
0.010495
0.0088074
0.0096228
0.0082156
0.010502
0.0074109
0.0076673
0.019284
0.0076634
0.0073462
0.0096414
0.008704
0.0076773
0.008182
0.0092189
0.0092831
0.0096543
0.009418
0.010794
0.0092971
0.0085862
0.0090278
0.0082258
0.014797
0.019904
0.013925
0.018792
0.021495
0.014354
0.012407
0.013851
0.0088889
0.012063
0.010389
0.011112
0.008681
0.0075491
0.0087486
0.0080279
0.010073
0.008518
0.010674
0.0085511
0.0076909
0.010287
0.010996
0.010439
0.0096433
0.014199
0.0091231
0.0089226
0.013259
0.0099979
0.007896
0.013094
0.010745
0.0075767
0.0098959
0.0099422
0.0079211
0.011236
0.010275
0.011989
0.011264
0.013003
0.013274
0.014517
0.0096128
0.011862
0.009119
0.014619
0.01141
0.0095105
0.016517
0.010152
0.013184
0.016373
0.016806
0.01918
0.017841
0.010318
0.011013
0.011627
0.010194
0.015108
0.010448
0.013507
0.0128
0.015066
0.013513
0.015402
0.012648
0.014284
0.014977
0.015152
0.0087299
0.0086121
0.0099703
0.010179
0.010318
0.01307
0.0089046
0.010127
0.0095455
0.01063
0.017497
0.017174
0.018249
0.017532
0.018847
0.010691
0.0093816
0.009621
0.011877
0.010787
0.0090575
0.012727
0.012735
0.015748
0.016001
0.015598
0.015497
0.012856
0.0148
0.016447
0.012906
0.014352
0.01559
0.016252
0.016477
0.012711
0.010497
0.0092185
0.014629
0.017377
0.017954
0.016573
0.016356
0.016944
0.015151
0.0153
0.013331
0.016161
0.016128
0.014069
0.016213
0.013326
0.013004
0.012132
0.013499
0.0133
0.016108
0.016653
0.019335
0.013969
0.01773
0.019676
0.021588
0.020418
0.021788
0.0092239
0.011052
0.011308
0.012301
0.011488
0.012205
0.013854
0.014698
0.011742
0.011952
0.016978
0.013876
0.015763
0.016763
0.016811
0.01647
0.015144
0.016511
0.014971
0.011622
0.015353
0.010301
0.011601
0.012578
0.012626
0.010248
0.010394
0.011513
0.01874
0.020444
0.017569
0.015081
0.020314
0.01221
0.022705
0.017833
0.015345
0.022073
0.024912
0.01914
0.023316
0.022819
0.022473
0.023264
0.014143
0.012009
0.013384
0.012118
0.013404
0.014403
0.015109
0.014147
0.01652
0.014266
0.015134
0.014686
0.016011
0.018102
0.017522
0.018951
0.01506
0.017924
0.015348
0.017907
0.015676
0.019977
0.022014
0.014512
0.021634
0.019836
0.020058
0.024012
0.019178
0.02597
0.028336
0.026469
0.024103
0.019319
0.029193
0.024761
0.026653
0.025209
0.01846
0.016334
0.02046
0.024091
0.026053
0.027475
0.02664
0.050423
0.05037
0.047675
0.049081
0.04738
0.047111
0.04852
0.048583
0.048778
0.047371
0.04553
0.035103
0.045603
0.044758
0.041276
0.039087
0.038387
0.043117
0.039135
0.041834
0.035501
0.028718
0.031424
0.035633
0.03355
0.026283
0.024272
0.015813
0.018004
0.015743
0.017578
0.023386
0.018012
0.016706
0.016233
0.02358
0.017784
0.01187
0.0089932
0.013306
0.0090434
0.0079417
0.0070217
0.014279
0.01458
0.0074509
0.0080416
0.012602
0.015027
0.011394
0.018538
0.010033
0.012453
0.012726
0.010669
0.014321
0.019097
0.01123
0.0098143
0.0081593
0.010501
0.019202
0.014715
0.016791
0.018303
0.02185
0.021212
0.020162
0.0086444
0.010158
0.014407
0.016029
0.0148
0.017544
0.012346
0.019214
0.0091665
0.012042
0.01041
0.0081583
0.012305
0.0093143
0.010565
0.02383
0.022819
0.01751
0.021545
0.012649
0.018586
0.022977
0.016999
0.019998
0.022073
0.022314
0.020486
0.014854
0.022064
0.012222
0.011359
0.011473
0.011931
0.012451
0.011658
0.010894
0.011348
0.011063
0.011513
0.011923
0.011015
0.014114
0.012991
0.0098017
0.010267
0.010145
0.013195
0.01152
0.011407
0.013864
0.010212
0.011102
0.013066
0.012092
0.012137
0.014013
0.011103
0.015764
0.013878
0.012315
0.01133
0.011777
0.012543
0.014876
0.012659
0.01111
0.013766
0.0191
0.017663
0.013357
0.010813
0.012517
0.016652
0.018526
0.014856
0.0094778
0.0093508
0.015496
0.014994
0.011235
0.009253
0.017544
0.010517
0.0096632
0.0086525
0.0085349
0.007804
0.010436
0.010541
0.0096378
0.0073696
0.01125
0.0094585
0.0091092
0.010862
0.0087725
0.010117
0.012713
0.011152
0.013799
0.011621
0.009125
0.011568
0.0099411
0.012316
0.012873
0.021244
0.018461
0.018898
0.02019
0.011711
0.010566
0.0097268
0.011669
0.0096649
0.0094292
0.013507
0.013318
0.013669
0.014554
0.0074501
0.0074121
0.0080881
0.008269
0.0069165
0.010253
0.0081221
0.012166
0.0080475
0.0091896
0.012782
0.012768
0.010789
0.015521
0.010149
0.01059
0.01202
0.014504
0.012945
0.011573
0.010563
0.0098507
0.011334
0.010826
0.011964
0.0065758
0.0085675
0.0091104
0.011399
0.011966
0.012081
0.011117
0.011188
0.01081
0.012916
0.013554
0.014917
0.0094843
0.0096121
0.011085
0.010362
0.010396
0.011048
0.012185
0.01301
0.012822
0.013777
0.012529
0.015502
0.0084195
0.010176
0.0087301
0.0087847
0.0088454
0.0095338
0.013339
0.013718
0.012225
0.012632
0.012324
0.011099
0.011068
0.010812
0.010294
0.01168
0.011925
0.01071
0.011326
0.011535
0.010706
0.009226
0.011418
0.010232
0.011489
0.010909
0.013235
0.016816
0.016666
0.018927
0.018416
0.017484
0.018659
0.0081306
0.0080162
0.0089746
0.0089485
0.008815
0.0087168
0.010188
0.010806
0.012136
0.0099141
0.01037
0.010477
0.010781
0.014648
0.014919
0.013416
0.015299
0.013368
0.015418
0.015986
0.010275
0.012538
0.013145
0.012167
0.010562
0.009895
0.0099869
0.010885
0.013028
0.011599
0.012243
0.011687
0.01159
0.018381
0.018274
0.018876
0.018702
0.018586
0.018396
0.020418
0.018405
0.019584
0.010293
0.011408
0.013243
0.011255
0.013622
0.010183
0.0098186
0.015802
0.016213
0.016039
0.015495
0.018138
0.019503
0.019871
0.01906
0.020567
0.010801
0.010387
0.010163
0.014493
0.010367
0.015394
0.018587
0.016999
0.015613
0.018632
0.016717
0.014509
0.019262
0.015231
0.011278
0.010344
0.011183
0.011103
0.011972
0.010207
0.011947
0.013897
0.010683
0.015449
0.018781
0.017508
0.011713
0.015696
0.02111
0.020474
0.018147
0.014878
0.018424
0.020802
0.021398
0.020298
0.020156
0.021494
0.022617
0.022416
0.0090809
0.011709
0.013378
0.012235
0.013393
0.01201
0.012627
0.01396
0.013432
0.013695
0.011904
0.011873
0.011204
0.010011
0.013463
0.011053
0.011821
0.017361
0.016991
0.017212
0.013061
0.012216
0.011766
0.01501
0.017619
0.022486
0.016588
0.018692
0.015885
0.0211
0.020088
0.021107
0.01598
0.018971
0.023155
0.020672
0.021613
0.022591
0.019462
0.022644
0.023461
0.025747
0.026391
0.0243
0.026984
0.027375
0.024902
0.031107
0.029566
0.029816
0.041934
0.045699
0.038073
0.037462
0.040967
0.037241
0.035593
0.035866
0.035616
0.036943
0.038195
0.028524
0.03083
0.029337
0.026429
0.025896
0.020729
0.016642
0.019888
0.014541
0.013459
0.020147
0.019117
0.015166
0.022905
0.012984
0.010595
0.010842
0.008837
0.010713
0.0079908
0.0097734
0.0086283
0.0088163
0.0091428
0.011439
0.011101
0.010493
0.0089057
0.0061265
0.0075896
0.0063542
0.006268
0.0085444
0.0075111
0.0084093
0.0099368
0.006519
0.013184
0.010036
0.0081747
0.0087778
0.011883
0.013937
0.015251
0.012349
0.0079189
0.0088012
0.0078767
0.0093601
0.0097301
0.009069
0.009254
0.0080711
0.009395
0.011229
0.01042
0.0089474
0.010127
0.0097855
0.011382
0.0095279
0.011406
0.011998
0.010649
0.011867
0.0093005
0.011509
0.011887
0.011262
0.011657
0.01154
0.011192
0.012266
0.012425
0.013344
0.013434
0.010128
0.010134
0.014693
0.0079929
0.0087305
0.0089902
0.023339
0.015267
0.0095357
0.013567
0.011028
0.014003
0.010718
0.0089417
0.0089471
0.0093089
0.011457
0.011996
0.012835
0.014035
0.012909
0.01388
0.01435
0.012339
0.017496
0.011427
0.0098847
0.0118
0.0094149
0.007672
0.010254
0.0090233
0.0089293
0.0068611
0.0096004
0.015981
0.010031
0.0086224
0.0093719
0.0094934
0.0096545
0.010671
0.012626
0.015508
0.014873
0.0068236
0.0094098
0.017552
0.010157
0.0070516
0.009738
0.014144
0.014053
0.014855
0.015278
0.01454
0.0094615
0.0096245
0.015069
0.014619
0.015605
0.017511
0.016801
0.041826
0.020814
0.021088
0.016675
0.020384
0.018747
0.018617
0.019755
0.017925
0.017715
0.015932
0.01579
0.019222
0.016622
0.017413
0.02111
0.010387
0.012469
0.010113
0.014687
0.013176
0.013092
0.011648
0.010458
0.012046
0.01347
0.012707
0.014108
0.013407
0.014771
0.012898
0.014514
0.014697
0.011629
0.015213
0.014255
0.01481
0.014894
0.015919
0.016613
0.010067
0.0099725
0.01634
0.017449
0.013304
0.017305
0.014507
0.012775
0.018435
0.015653
0.021044
0.015868
0.020644
0.015829
0.018387
0.010448
0.011582
0.0099616
0.013947
0.014234
0.016375
0.011616
0.011709
0.012844
0.011557
0.010774
0.01741
0.015657
0.012632
0.013977
0.016452
0.011044
0.013542
0.014356
0.015326
0.014021
0.013277
0.01232
0.014139
0.01207
0.011447
0.01296
0.011402
0.012791
0.010327
0.007137
0.0063657
0.0080543
0.0084515
0.0084354
0.0078589
0.0090577
0.0086139
0.0091115
0.018149
0.014417
0.014195
0.015373
0.015532
0.014727
0.014834
0.015196
0.015152
0.015178
0.016733
0.01444
0.015066
0.015352
0.012013
0.015656
0.015036
0.012684
0.012992
0.013719
0.011163
0.014636
0.013303
0.012434
0.01143
0.011433
0.012118
0.012147
0.012173
0.013446
0.010951
0.012049
0.010274
0.01021
0.012151
0.011132
0.01061
0.011207
0.013227
0.01322
0.015074
0.011938
0.014557
0.011888
0.012815
0.010991
0.010196
0.011402
0.0092112
0.0091783
0.011399
0.010193
0.01228
0.010008
0.013439
0.011666
0.01327
0.011219
0.010343
0.010874
0.0096601
0.011916
0.014516
0.0085341
0.0092758
0.0092087
0.0075595
0.0087316
0.0098664
0.0087914
0.0082533
0.0089322
0.0099826
0.0083817
0.010124
0.0084635
0.0094964
0.0095986
0.0082695
0.013347
0.013529
0.013318
0.013055
0.012862
0.013992
0.012515
0.013119
0.015159
0.01396
0.010115
0.010028
0.012261
0.012293
0.010106
0.010239
0.0090017
0.0090893
0.010019
0.01389
0.011587
0.013427
0.010667
0.01196
0.012069
0.013905
0.0095789
0.012851
0.013395
0.017663
0.013201
0.010026
0.0087203
0.010425
0.009001
0.010278
0.0074913
0.014078
0.012844
0.015598
0.014495
0.015743
0.014561
0.014457
0.015467
0.011486
0.010646
0.010186
0.012528
0.0098822
0.0099882
0.011893
0.014034
0.010294
0.016755
0.017316
0.016712
0.013163
0.012423
0.018129
0.015709
0.010503
0.011124
0.016559
0.0077462
0.010022
0.0079688
0.0088616
0.0087079
0.0088143
0.0081137
0.0095033
0.012969
0.011983
0.014352
0.016701
0.016812
0.015372
0.016113
0.017388
0.010054
0.015096
0.018525
0.018256
0.01576
0.012011
0.010983
0.010749
0.010216
0.011177
0.011555
0.0099055
0.01179
0.011933
0.011224
0.013172
0.012622
0.011543
0.010316
0.011921
0.012527
0.012016
0.011432
0.013376
0.010558
0.014705
0.011953
0.017892
0.010717
0.0090275
0.018437
0.01233
0.014024
0.012752
0.013497
0.014026
0.012844
0.016263
0.015178
0.01178
0.016332
0.016277
0.018534
0.02136
0.018993
0.018999
0.021019
0.018776
0.015008
0.015867
0.022431
0.019294
0.02464
0.023381
0.022181
0.021988
0.022363
0.024464
0.024856
0.026055
0.024646
0.020052
0.025007
0.024518
0.027165
0.023399
0.021167
0.022386
0.02013
0.03365
0.025986
0.024787
0.031157
0.031844
0.030538
0.027831
0.027852
0.021313
0.020384
0.034574
0.02593
0.020548
0.026787
0.027909
0.031187
0.017168
0.025806
0.024588
0.021067
0.019019
0.018814
0.016936
0.01757
0.016282
0.018769
0.015863
0.012288
0.01094
0.015737
0.01496
0.011294
0.014516
0.010737
0.011149
0.011635
0.011034
0.012732
0.0098785
0.0084143
0.011455
0.010948
0.0089046
0.007212
0.0069439
0.0081354
0.011288
0.0084724
0.0089236
0.0082841
0.0080802
0.0070915
0.0092927
0.0077532
0.01364
0.010964
0.012059
0.011423
0.014331
0.014307
0.012548
0.00907
0.014332
0.011073
0.010738
0.0077374
0.0086428
0.008853
0.0081953
0.008953
0.007895
0.011689
0.011312
0.011479
0.0094963
0.011359
0.011192
0.0098828
0.012217
0.0087332
0.012895
0.013362
0.014588
0.012505
0.015802
0.012433
0.012543
0.012167
0.010556
0.011033
0.013271
0.011712
0.011644
0.011309
0.014987
0.0098968
0.010108
0.0088844
0.008783
0.014345
0.0086031
0.012283
0.013714
0.010845
0.010325
0.014164
0.013344
0.012123
0.012849
0.01053
0.013287
0.013227
0.010402
0.010589
0.010737
0.014751
0.010718
0.011041
0.010096
0.011811
0.0077979
0.012466
0.012809
0.01142
0.012282
0.011831
0.01252
0.0094293
0.008282
0.0098282
0.0064585
0.0088369
0.012634
0.011957
0.012933
0.011837
0.013194
0.01022
0.013387
0.010518
0.010922
0.013623
0.01436
0.0080295
0.0068553
0.013789
0.0079207
0.0089693
0.010035
0.011403
0.015743
0.012465
0.014899
0.013868
0.015094
0.014225
0.014149
0.0097796
0.016927
0.017201
0.0070009
0.0144
0.01386
0.013795
0.0069934
0.0069806
0.013067
0.0129
0.012437
0.013796
0.011293
0.013637
0.010448
0.015212
0.011101
0.013349
0.013301
0.012158
0.0070015
0.0096036
0.0094042
0.0088817
0.0082913
0.0088956
0.012323
0.011871
0.010461
0.011844
0.011791
0.012287
0.011493
0.011378
0.0089143
0.0073108
0.011931
0.0084871
0.0085719
0.0063596
0.0084464
0.0080453
0.015558
0.015172
0.012897
0.012466
0.012878
0.013009
0.016444
0.012213
0.010535
0.011435
0.0086736
0.0086625
0.0097396
0.0087399
0.0089774
0.0092275
0.010953
0.0095882
0.0097123
0.011016
0.0085757
0.0085518
0.0089541
0.010304
0.010243
0.011062
0.0094225
0.008646
0.00664
0.0074332
0.0079436
0.0067588
0.010063
0.012064
0.011673
0.0123
0.011028
0.010117
0.01003
0.011199
0.010007
0.010419
0.009917
0.011301
0.0089066
0.01114
0.0090361
0.012319
0.0096798
0.0095823
0.0094797
0.0082577
0.0087933
0.0070376
0.0070581
0.0074193
0.007243
0.0072724
0.0067892
0.0088031
0.012573
0.0070742
0.011545
0.007059
0.007859
0.011082
0.0082099
0.010262
0.0094184
0.0065112
0.011642
0.012068
0.014542
0.013337
0.013981
0.011832
0.01032
0.012096
0.012345
0.011843
0.011226
0.010715
0.011419
0.011163
0.010193
0.0096005
0.01262
0.010828
0.010838
0.013238
0.010641
0.010827
0.012103
0.011558
0.0096303
0.0083664
0.012055
0.011193
0.01246
0.01339
0.010422
0.012
0.013309
0.016626
0.012814
0.015558
0.012383
0.013585
0.012391
0.010965
0.013007
0.015464
0.014627
0.016313
0.014877
0.015706
0.015877
0.018963
0.013069
0.021537
0.019488
0.02046
0.022662
0.023349
0.021981
0.024336
0.02299
0.01908
0.023608
0.017528
0.019985
0.022186
0.023011
0.020987
0.021151
0.023363
0.022453
0.023475
0.023633
0.024245
0.022924
0.025319
0.023459
0.020593
0.019787
0.023998
0.018621
0.021617
0.020324
0.016594
0.014721
0.013422
0.011967
0.015446
0.011797
0.041408
0.012779
0.015099
0.013749
0.013065
0.016342
0.016266
0.017546
0.011797
0.01317
0.015855
0.020676
0.011204
0.013562
0.014115
0.01449
0.010538
0.013772
0.012815
0.0095705
0.0084356
0.011847
0.013887
0.010381
0.012465
0.012736
0.010659
0.013298
0.012306
0.0091
0.01021
0.010664
0.0088227
0.01151
0.01536
0.012785
0.01394
0.0099009
0.010888
0.012634
0.010916
0.011784
0.010879
0.011476
0.013202
0.012381
0.010213
0.010217
0.010533
0.0072897
0.0096616
0.0094473
0.010485
0.0089046
0.01102
0.011651
0.0095579
0.010775
0.010115
0.012272
0.010126
0.0082095
0.011675
0.0088946
0.012821
0.013579
0.0091482
0.013517
0.012264
0.01099
0.0093552
0.013249
0.010115
0.011768
0.011538
0.0145
0.0084633
0.010337
0.014313
0.0079517
0.011086
0.0080243
0.0082872
0.010284
0.0085147
0.008361
0.0083404
0.0091324
0.008042
0.0069983
0.0070933
0.013041
0.013469
0.01329
0.013173
0.013276
0.0079955
0.0096759
0.011245
0.0085165
0.012105
0.010502
0.0094526
0.011575
0.0074261
0.0089067
0.0083961
0.009346
0.0093965
0.0094803
0.0094189
0.0080791
0.0086414
0.0069796
0.0086063
0.010336
0.0078943
0.008634
0.011235
0.0089445
0.0099685
0.0095182
0.0096609
0.012616
0.0090919
0.01105
0.0089175
0.010977
0.010656
0.011397
0.012506
0.0072225
0.0089104
0.0086405
0.0096227
0.0076452
0.0089805
0.010764
0.0096574
0.0094402
0.010501
0.0085094
0.008326
0.0095825
0.0075245
0.010324
0.010333
0.0097821
0.0092247
0.0089518
0.0096623
0.0075226
0.0055918
0.0071387
0.0063438
0.0065857
0.0069502
0.011992
0.01357
0.011331
0.010613
0.010328
0.01295
0.0096564
0.01131
0.0092383
0.010855
0.009057
0.011994
0.011255
0.011533
0.0093128
0.009574
0.0064467
0.0072528
0.0061441
0.007992
0.011168
0.0082765
0.0085444
0.0064448
0.0069674
0.0085641
0.011767
0.011573
0.011574
0.012027
0.0095797
0.01053
0.011926
0.0077132
0.012651
0.012488
0.012181
0.01102
0.0080174
0.010104
0.009164
0.011408
0.011313
0.010736
0.010385
0.0078166
0.0095413
0.0084324
0.0068936
0.0093638
0.011205
0.011507
0.010222
0.011835
0.011778
0.010266
0.010395
0.0097969
0.011148
0.011008
0.011882
0.010919
0.0093808
0.011019
0.011591
0.01299
0.016357
0.015132
0.015856
0.020815
0.016998
0.022878
0.023072
0.019625
0.014785
0.011753
0.019135
0.018319
0.016976
0.021253
0.02141
0.02076
0.023887
0.018801
0.021938
0.022578
0.022825
0.019147
0.021209
0.022733
0.021169
0.024272
0.02197
0.022377
0.02368
0.022573
0.023833
0.031276
0.032523
0.034041
0.031435
0.034885
0.034175
0.034812
0.029215
0.03088
0.026703
0.033213
0.03346
0.025661
0.032125
0.031627
0.032925
0.031129
0.033251
0.028842
0.030204
0.026975
0.028048
0.027916
0.025074
0.025339
0.034438
0.036276
0.033017
0.032223
0.033489
0.025437
0.031136
0.030155
0.031339
0.029709
0.027042
0.030005
0.027412
0.027728
0.024521
0.027982
0.026983
0.028248
0.029894
0.029777
0.025688
0.029049
0.02942
0.024279
0.02621
0.026101
0.02997
0.027002
0.026105
0.027226
0.021458
0.025202
0.02959
0.024548
0.027932
0.018016
0.028168
0.025308
0.01777
0.021493
0.023999
0.020926
0.018826
0.01811
0.020336
0.01787
0.019049
0.015273
0.014998
0.015735
0.023298
0.019542
0.020633
0.022018
0.018892
0.021975
0.016198
0.025933
0.0211
0.02355
0.025223
0.020398
0.021435
0.021807
0.015932
0.018392
0.023202
0.019132
0.019307
0.021254
0.017436
0.018196
0.021152
0.016986
0.019771
0.019293
0.021546
0.02134
0.019151
0.021926
0.023002
0.012972
0.014588
0.012768
0.010442
0.009123
0.01082
0.013925
0.013055
0.015339
0.017727
0.014145
0.012848
0.015972
0.0119
0.0084655
0.0094655
0.022043
0.023584
0.019441
0.020298
0.021245
0.018364
0.018431
0.013397
0.0099459
0.017897
0.015856
0.012055
0.012485
0.013215
0.007195
0.010966
0.0057596
0.0097996
0.0066168
0.008617
0.0091781
0.0077412
0.0084274
0.0075167
0.0084709
0.0074727
0.0081024
0.0083543
0.0081089
0.0077962
0.0083473
0.0082561
0.008459
0.008431
0.0083852
0.0088725
0.0078659
0.0087469
0.0079759
0.010425
0.013793
0.0094953
0.011818
0.010407
0.0089875
0.0096622
0.012249
0.0085622
0.0085582
0.0089776
0.0080612
0.0084444
0.0080703
0.01147
0.0085728
0.0070672
0.0070559
0.0060477
0.010386
0.0076469
0.0096811
0.0079176
0.0088759
0.0096437
0.011293
0.0081933
0.0081921
0.010167
0.01136
0.0092415
0.0091599
0.012045
0.012109
0.013136
0.012463
0.0077253
0.0094157
0.0095239
0.0084287
0.008796
0.0099087
0.017068
0.015786
0.010054
0.010343
0.010426
0.010099
0.005147
0.0077531
0.0068291
0.0076879
0.0059731
0.007542
0.0059826
0.0083997
0.0060447
0.0058014
0.0070646
0.0097818
0.0070145
0.0086982
0.0055063
0.0072193
0.0071845
0.0077836
0.010729
0.010699
0.0087954
0.010247
0.011629
0.0086733
0.011258
0.0097065
0.0091077
0.0078142
0.0092325
0.0091499
0.0087362
0.0083474
0.0091304
0.0088514
0.0099714
0.0081015
0.0095844
0.0072714
0.0087655
0.0070979
0.0073332
0.0078435
0.0063768
0.0070455
0.0075075
0.0071885
0.0059609
0.0062565
0.010632
0.0091254
0.0098976
0.007953
0.010281
0.011828
0.014423
0.011165
0.011396
0.012526
0.012029
0.0072092
0.010542
0.0097539
0.007722
0.0076694
0.0061712
0.0077268
0.0065425
0.0060191
0.006381
0.0061725
0.0084832
0.0077549
0.0065411
0.0088148
0.0083934
0.0062925
0.0080625
0.0082547
0.0063408
0.011106
0.0086349
0.011342
0.012782
0.014299
0.012452
0.0076267
0.0085074
0.011014
0.011037
0.012567
0.012472
0.013582
0.013794
0.012391
0.011633
0.012455
0.015588
0.012297
0.010572
0.007159
0.0059615
0.0077112
0.0086899
0.007963
0.0079947
0.0078429
0.0080924
0.0083187
0.0089126
0.0079434
0.0083781
0.0084214
0.0090243
0.0083995
0.0083819
0.0071836
0.0092343
0.011137
0.0101
0.0077689
0.0089705
0.0095416
0.008704
0.0089493
0.010655
0.0083839
0.010327
0.0098526
0.00904
0.012135
0.0098605
0.0091359
0.0084696
0.0086272
0.01025
0.008789
0.012528
0.010179
0.015024
0.012671
0.014799
0.013715
0.017446
0.015838
0.018835
0.016465
0.014427
0.0090906
0.011178
0.016781
0.013766
0.017943
0.014241
0.020726
0.023168
0.020043
0.023079
0.018412
0.020476
0.021784
0.021493
0.017824
0.018789
0.017373
0.014597
0.016728
0.014957
0.016315
0.02001
0.023194
0.019679
0.020839
0.018566
0.018878
0.025184
0.019911
0.024275
0.023332
0.018772
0.02359
0.019671
0.020338
0.024357
0.023505
0.023478
0.023919
0.024245
0.018739
0.020644
0.023159
0.03143
0.033803
0.0306
0.036004
0.033794
0.028373
0.025488
0.01766
0.02589
0.025
0.028588
0.029286
0.025289
0.024823
0.03101
0.036192
0.036636
0.039111
0.037862
0.040575
0.038533
0.034809
0.034089
0.03761
0.038605
0.038161
0.037227
0.035389
0.009656
0.037158
0.009101
0.033371
0.030943
0.03391
0.032203
0.028395
0.027946
0.026682
0.025953
0.025066
0.03373
0.029067
0.023203
0.020924
0.021323
0.023156
0.02072
0.023768
0.022759
0.02288
0.023233
0.025449
0.021385
0.0085618
0.0090065
0.023607
0.021803
0.02338
0.027695
0.024655
0.022738
0.022014
0.022677
0.02069
0.026989
0.019844
0.020532
0.029534
0.019976
0.01968
0.020324
0.023485
0.021078
0.019637
0.020424
0.020366
0.020776
0.019406
0.022887
0.019919
0.020078
0.021594
0.022071
0.02311
0.023845
0.022531
0.022444
0.018691
0.018291
0.015397
0.015399
0.013651
0.007982
0.010691
0.018823
0.018878
0.017442
0.023021
0.018133
0.01834
0.019074
0.018735
0.018653
0.014439
0.017278
0.014947
0.016975
0.013516
0.014353
0.014345
0.012493
0.011853
0.014331
0.0088931
0.0082807
0.0090279
0.0081801
0.0092077
0.010255
0.013439
0.01359
0.015207
0.016244
0.016715
0.015554
0.0098578
0.010392
0.013042
0.011056
0.012122
0.01255
0.014838
0.014609
0.011563
0.012789
0.0078294
0.0077769
0.0091554
0.015762
0.017671
0.018073
0.0096947
0.019649
0.012553
0.014987
0.013689
0.017173
0.011206
0.013578
0.018834
0.014502
0.012669
0.016528
0.019229
0.018198
0.015384
0.01129
0.0158
0.015023
0.017439
0.016747
0.013616
0.016444
0.015362
0.016704
0.019964
0.013292
0.010235
0.01233
0.010601
0.0097241
0.010603
0.0099152
0.01065
0.0078368
0.01141
0.009873
0.0073575
0.0098642
0.0080987
0.0096534
0.0095737
0.011051
0.010881
0.011922
0.010957
0.015947
0.011857
0.015449
0.018259
0.010503
0.01182
0.015235
0.017826
0.012113
0.011801
0.012546
0.016392
0.016997
0.015208
0.011874
0.016092
0.016475
0.012484
0.012964
0.0094202
0.0091463
0.0086204
0.0086642
0.0086885
0.0080083
0.0076881
0.0059225
0.0079482
0.0087974
0.0072164
0.0090007
0.0079759
0.0079876
0.011851
0.011261
0.011921
0.014342
0.013254
0.014755
0.014862
0.013913
0.011147
0.013921
0.013333
0.013651
0.013623
0.014772
0.012981
0.013905
0.014414
0.013558
0.014862
0.014653
0.014723
0.0057698
0.0081965
0.0074814
0.0095094
0.010106
0.0092122
0.0085372
0.0056456
0.0073443
0.0092277
0.0069804
0.0095141
0.0075856
0.013073
0.014329
0.015418
0.014997
0.0057849
0.0064377
0.0084328
0.0078016
0.0074483
0.0080614
0.0097006
0.0090041
0.0093384
0.0094625
0.0079521
0.0084959
0.0080271
0.010322
0.011426
0.0099646
0.012446
0.011534
0.0097624
0.017843
0.013325
0.011316
0.0077462
0.0073653
0.0073066
0.0082443
0.0084502
0.0087571
0.0095323
0.0090301
0.010995
0.011275
0.0090254
0.01292
0.018774
0.01494
0.022952
0.014718
0.023857
0.017817
0.023645
0.027261
0.018744
0.013896
0.0205
0.016484
0.022287
0.025771
0.018275
0.023348
0.020864
0.025456
0.022796
0.027582
0.026559
0.025356
0.02385
0.023132
0.013
0.013877
0.012509
0.017883
0.019359
0.022124
0.021279
0.024351
0.025021
0.023428
0.032299
0.030499
0.029087
0.02311
0.028452
0.027402
0.028964
0.025914
0.026642
0.02654
0.023086
0.023368
0.023112
0.021306
0.021785
0.022033
0.023542
0.022786
0.026131
0.017767
0.01977
0.0192
0.020418
0.021818
0.021378
0.021273
0.020073
0.023246
0.022522
0.018982
0.02119
0.018486
0.019411
0.016262
0.018528
0.021651
0.016998
0
0.019491
0.022092
0.0007567
0.016753
0.026414
0.025193
0.025653
0.024302
0.026701
0.0003613
0.019099
0.018311
0.015963
0.021628
0.023835
0.0247
0.022283
0.023822
0.020788
0.022289
0.013861
0.022599
0.016248
0.00041771
0.00018781
0.022332
0.023274
0.0004125
0.020183
0.008707
1.146e-05
0.0099052
0.015227
0.016307
0.016443
0.021487
0.020296
0.019587
0.020356
0.019973
0.019186
0.016575
0.019728
0.019615
0.019416
0.019188
0.019053
0.01838
0.020837
0.020428
0.018884
0.017949
0.02046
0.015182
0.016842
0.020398
0.013233
0.012412
0.013982
0.0062975
0.011291
0.020974
0.0080751
0.017694
0.017883
0.012384
0.0089186
0.0085596
0.010772
0.010841
0.012735
0.011785
0.018925
0.016018
0.019583
0.020629
0.016883
0.018384
0.016826
0.017969
0.015061
0.017368
0.017093
0.016367
0.014833
0.01323
0.016835
0.015519
0.018349
0.014693
0.014471
0.021854
0.01242
0.0089055
0.0097719
0.0095544
0.011624
0.010749
0.016346
0.014308
0.011762
0.010982
0.0096996
0.0093152
0.0082893
0.010055
0.011081
0.0071907
0.014753
0.0078973
0.011766
0.011471
0.018588
0.0086109
0.010264
0.012528
0.020259
0.0076798
0.01655
0.0095569
0.0084343
0.0087725
0.0083853
0.0092522
0.009674
0.0080508
0.010252
0.006581
0.0095732
0.0085678
0.024183
0.010593
0.016225
0.011633
0.02636
0.024979
0.019675
0.024613
0.030723
0.010363
0.0083144
0.0083436
0.0075802
0.011203
0.0091442
0.0086716
0.007845
0.011892
0.0090496
0.0099299
0.01216
0.0091812
0.012705
0.014414
0.0085619
0.0077804
0.0055789
0.031461
0.026014
0.031552
0.018138
0.029738
0.029856
0.028008
0.0093802
0.017219
0.015063
0.012103
0.01867
0.020359
0.019097
0.021567
0.025619
0.027985
0.025292
0.02751
0.025452
0.024621
0.025607
0.019084
0.021732
0.024706
0.025534
0.0095673
0.018448
0.020767
0.013958
0.023433
0.02476
0.025436
0.024934
0.028021
0.026869
0.018427
0.016237
0.024358
0.022604
0.028383
0.022647
0.027115
0.025491
0.029277
0.02611
0.025517
0.025215
0.023394
0.024236
0.024554
0.024245
0.024621
0.023463
0.023253
0.024059
0.022601
0.022521
0.024618
0.025322
0.021356
0.025323
0.024085
0.022186
0.023671
0.023562
0.02268
0.022913
0.022165
0.023736
0.020124
0.021911
0.022811
0.020262
0.015959
0.01015
0.016743
0.014702
0.013748
0.021621
0.016766
0.024725
0.021719
0.024776
0.025404
0.02451
0.028686
0.027407
0.029747
0.0193
0.015373
0.017114
0.023698
0.013282
0.020267
0.014065
0.023152
0.020326
0.016978
0.017568
0.024089
0.022991
0.014633
0.025012
0.019546
0.014851
0.025979
0.019825
0.023127
0.012
0.014963
0.012389
0.011301
0.013542
0.027659
0.022515
0.030009
0.02791
0.031139
0.030713
0.028917
0.028343
0.022726
0.019958
0.031555
0.030324
0.029529
0.027132
0.022385
0.025108
0.019781
0.027764
0.026551
0.028988
0.021485
0.031074
0.010446
0.013327
0.010718
0.0093096
0.015527
0.01049
0.014404
0.0099186
0.012676
0.016169
0.010226
0.027458
0.033057
0.025799
0.031654
0.023009
0.032969
0.030365
0.031922
0.029346
0.031865
0.030775
0.030329
0.026947
0.029576
0.018835
0.016846
0.013678
0.024776
0.014932
0.02184
0.01865
0.024641
0.023729
0.026963
0.021165
0.0083479
0.0093243
0.012998
0.0074236
0.010906
0.012092
0.0092999
0.011716
0.0068328
0.011991
0.011167
0.017383
0.017398
0.014
0.017056
0.017369
0.010098
0.011822
0.014935
0.012367
0.0094489
0.0099652
0.012883
0.011864
