0.0039936
0.0065264
0.016197
0.014172
0.011628
0.009288
0.016298
0.010913
0.020089
0
0.0036185
0.0050261
0.001964
0.0086927
0.0043614
1.4675e-05
0.0012794
0.0082659
0.024101
0.025055
0.016704
0.0087649
0.0083693
0.011578
0.024633
0.016114
0.018311
0.021376
0.01449
0.018733
0.020061
0.021119
0.024041
0.015906
0.019725
0.020516
0.018287
0.021471
0.019842
0.023753
0.021231
0.024485
0.018178
0.014789
0.012781
0.014318
0.013027
0.014892
0.01364
0.016196
0.01601
0.017723
0.016653
0.015071
0.013507
0.012107
0.012346
0.012891
0.014207
0.01085
0.015726
0.01134
0.014801
0.018634
0.015035
0.015437
0.016036
0.017186
0.018224
0.016997
0.012303
0.01382
0.04316
0.01443
0.0078281
0.0072541
0.010771
0.016717
0.016278
0.016479
0.014499
0.017989
0.020597
0.016473
0.017154
0.019412
0.015933
0.01965
0.021246
0.021078
0.0093795
0.017909
0.017198
0.015751
0.016258
0.01686
0.013341
0.018493
0.011416
0.016082
0.014339
0.01309
0.013263
0.006665
0.015226
0.018689
0.013509
0.018908
0.014559
0.014715
0.018914
0.013052
0.016119
0.02339
0.013718
0.020735
0.016311
0.019371
0.017355
0.015559
0.023933
0.01934
0.011931
0.021265
0.0096552
0.015527
0.010847
0.016759
0.015591
0.021228
0.010971
0.02029
0.0070849
0.016445
0.0094127
0.019568
0.01419
0.061928
0.011931
0.021521
0.0086754
0.0057521
0.011712
0.0099143
0.0073974
0.018154
0.020179
0.02013
0.0093754
0.0195
0.014286
0.01973
0.019021
0.020337
0.020427
0.024501
0.024441
0.023034
0.021741
0.021025
0.0074553
0.012012
0.022451
0.024882
0.02049
0.023823
0.02145
0.03591
0.023797
0.0081975
0.012319
0.0095343
0.018881
0.033156
0.028475
0.036489
0.013413
0.033713
0.041498
0.038529
0.027299
0.041382
0.039066
0.038953
0.036926
0.010892
0.012736
0.03971
0.026341
0.012411
0.038884
0.043527
0.018717
0.0078617
0.0089256
0.013017
0.017462
0.027823
0.016366
0.021719
0.024187
0.024696
0.02314
0.020832
0.021446
0.021765
0.013783
0.026529
0.01189
0.035295
0.031041
0.012575
0.010673
0.045029
0.025359
0.029075
0.037119
0.014223
0.033117
0.030178
0.032735
0.026365
0.018823
0.021074
0.019005
0.017801
0.017741
0.018428
0.024724
0.022118
0.01905
0.026606
0.01664
0.016338
0.025484
0.019459
0.013075
0.013901
0.010833
0.01744
0.016072
0.024451
0.0084719
0.015898
0.039674
0.016521
0.012852
0.03641
0.027883
0.007005
0.014072
0.015456
0.013645
0.014492
0.013649
0.013289
0.015478
0.017764
0.018427
0.014613
0.017327
0.020074
0.016131
0.013519
0.020085
0.014782
0.016172
0.0073958
0.0072564
0.010513
0.0089022
0.010364
0.009473
0.0086662
0.0097795
0.0079555
0.010141
0.01143
0.0071825
0.010566
0.0075123
0.0085473
0.0083593
0.006919
0.0074178
0.0085965
0.010055
0.0098803
0.0059802
0.0047498
0.011374
0.007267
0.0052611
0.010961
0.010681
0.0085189
0.012365
0.010353
0.012714
0.013183
0.0065083
0.0077632
0.0074626
0.0085467
0.0082934
0.0076972
0.011682
0.0060545
0.011048
0.012113
0.013116
0.012705
0.0086352
0.013821
0.012241
0.0084402
0.0089545
0.011565
0.0098233
0.012358
0.012895
0.0084791
0.010452
0.0093738
0.0082774
0.010596
0.0082139
0.010139
0.010778
0.017057
0.014592
0.016168
0.016028
0.013062
0.016335
0.011628
0.011626
0.012998
0.013768
0.013323
0.011205
0.015247
0.012005
0.015628
0.0097904
0.012445
0.012224
0.015238
0.016242
0.016771
0.011784
0.015373
0.01051
0.015829
0.010844
0.012991
0.012476
0.0078924
0.012843
0.011514
0.01026
0.015254
0.013723
0.0079214
0.013511
0.016152
0.012385
0.011767
0.010214
0.014914
0.014182
0.015153
0.012167
0.0099758
0.021446
0.0093684
0.0094193
0.0094728
0.0080601
0.0045069
0.0067459
0.0072085
0.0072313
0.0067655
0.0083395
0.0048861
0.013189
0.016254
0.0080462
0.0073424
0.013639
0.011536
0.010688
0.010539
0.011331
0.025774
0.010056
0.012821
0.0076724
0.010464
0.01309
0.0075006
0.0062213
0.0083848
0.013495
0.013424
0.0053999
0.0090254
0.013645
0.012644
0.011796
0.011257
0.015857
0.0095603
0.010918
0.010563
0.0094033
0.0076105
0.012868
0.014944
0.0091673
0.012493
0.011688
0.02043
0.011207
0.011994
0.0133
0.0056958
0.0094905
0.006317
0.012452
0.0057161
0.020052
0.0068812
0.020655
0.028713
0.020568
0.024926
0.021815
0.0517
0.026576
0.011114
0.013094
0.012382
0.013248
0.016882
0.021227
0.016027
0.013801
0.0094343
0.011313
0.012477
0.019884
0.018411
0.011718
0.018947
0.01136
0.013325
0.016565
0.019418
0.016711
0.017626
0.018339
0.016606
0.020976
0.01954
0.02145
0.016637
0.015356
0.021062
0.013154
0.010252
0.018106
0.010511
0.0092593
0.014857
0.01569
0.022031
0.02297
0.024581
0.019716
0.023187
0.020946
0.023069
0.022054
0.014059
0.018606
0.020172
0.023732
0.02257
0.019717
0.018902
0.023277
0.009116
0.016885
0.012943
0.014366
0.013643
0.014593
0.021857
0.02459
0.022969
0.016163
0.015409
0.016582
0.021345
0.019202
0.017239
0.013716
0.016026
0.020004
0.020078
0.021304
0.010474
0.020034
0.020443
0.023991
0.022834
0.022146
0.018778
0.020729
0.021268
0.018256
0.054114
0.056221
0.053931
0.052417
0.047796
0.045565
0.052161
0.047246
0.044842
0.042932
0.046016
0.044639
0.056669
0.059365
0.064869
0.051988
0.05505
0.04811
0.048797
0.051724
0.046165
0.047871
0.041402
0.0455
0.046706
0.047374
0.039278
0.031052
0.031081
0.031925
0.034156
0.02814
0.032798
0.036382
0.038802
0.020233
0.026193
0.028549
0.033341
0.040822
0.040218
0.047032
0.043758
0.041674
0.03934
0.039406
0.032175
0.037826
0.016246
0.018371
0.040027
0.036777
0.028106
0.035992
0.025747
0.022055
0.02769
0.021028
0.022245
0.026083
0.024017
0.016489
0.017264
0.014594
0.037598
0.030601
0.025828
0.014027
0.016135
0.017074
0.02847
0.024011
0.022508
0.022377
0.015349
0.01486
0.014679
0.012664
0.0092952
0.010851
0.011378
0.011076
0.012351
0.0082218
0.014446
0.018529
0.0098262
0.01498
0.011307
0.017385
0.013292
0.014324
0.012993
0.011815
0.017391
0.011224
0.018088
0.010071
0.01247
0.012166
0.014549
0.012497
0.019268
0.015203
0.016562
0.020486
0.013935
0.015044
0.013137
0.015834
0.016024
0.017645
0.020281
0.018529
0.014593
0.021655
0.021757
0.013043
0.023467
0.012544
0.01638
0.019242
0.021564
0.022113
0.016076
0.018509
0.015462
0.014445
0.012134
0.010406
0.019405
0.017842
0.020669
0.020471
0.0069694
0.0074625
0.0075117
0.0064256
0.01975
0.017828
0.01685
0.015267
0.012166
0.010375
0.0072547
0.0090616
0.0089178
0.0083022
0.0070844
0.0089058
0.0087138
0.0069262
0.0082438
0.008276
0.0077428
0.0072427
0.0081752
0.0072865
0.0067156
0.0066936
0.0062059
0.0065767
0.0067614
0.0061298
0.0063438
0.0060376
0.0071158
0.0062879
0.0080942
0.0093891
0.0079103
0.0067537
0.0060754
0.0064181
0.0065406
0.0066962
0.0064592
0.0072364
0.0061912
0.0063966
0.0071475
0.0069857
0.0083707
0.0074408
0.0069911
0.0097693
0.0065082
0.0096881
0.010845
0.0088149
0.0085186
0.0069198
0.013477
0.012088
0.006923
0.0095385
0.0076625
0.050964
0.011911
0.010434
0.0094147
0.0068064
0.0094368
0.013722
0.015046
0.011778
0.015869
0.014271
0.011721
0.011128
0.0091462
0.014211
0.010344
0.011352
0.0060979
0.006596
0.0065737
0.0067666
0.0063746
0.0061394
0.0071866
0.007134
0.0058395
0.0062307
0.0054092
0.0099896
0.031225
0.0052771
0.0075784
0.005761
0.0087543
0.0069894
0.0063062
0.008188
0.0077777
0.0068243
0.0057631
0.0078609
0.0071819
0.016234
0.0083101
0.011802
0.0079254
0.0082019
0.011265
0.010032
0.010947
0.03354
0.0094765
0.010741
0.010694
0.0088106
0.0095989
0.010109
0.0087487
0.011552
0.010675
0.011898
0.010165
0.010739
0.0079043
0.011553
0.0093262
0.013894
0.0087202
0.013299
0.012342
0.011696
0.012957
0.013412
0.032563
0.013831
0.013241
0.012228
0.011152
0.015529
0.018584
0.013623
0.018616
0.019729
0.011853
0.011751
0.020514
0.019048
0.017028
0.02005
0.012219
0.012316
0.018617
0.010836
0.016795
0.012479
0.0098044
0.011934
0.0095167
0.01355
0.018737
0.018779
0.020931
0.02107
0.016494
0.011594
0.026411
0.020696
0.022924
0.009282
0.023736
0.0083915
0.015091
0.012829
0.016534
0.018419
0.010633
0.013021
0.014144
0.0096555
0.0094845
0.0090643
0.016449
0.0086786
0.010685
0.0090777
0.0073719
0.0087537
0.0084128
0.021257
0.0081497
0.0090397
0.0061679
0.0074401
0.0097264
0.0048171
0.01056
0.0081625
0.0093183
0.013325
0.0075428
0.0054208
0.0060838
0.01181
0.0076895
0.012392
0.01336
0.013534
0.014553
0.043462
0.03985
0.0098293
0.011283
0.0095308
0.01031
0.014566
0.013267
0.013262
0.0096988
0.010069
0.0095794
0.011195
0.017734
0.012265
0.027872
0.016657
0.017291
0.025226
0.024198
0.024254
0.020836
0.026222
0.022719
0.025018
0.015371
0.028603
0.016742
0.014331
0.02429
0.024829
0.024926
0.023658
0.022156
0.024526
0.0088748
0.0098935
0.0092935
0.023653
0.010036
0.011038
0.011135
0.015084
0.0098039
0.023417
0.01939
0.022714
0.018938
0.022798
0.022508
0.022093
0.022572
0.025458
0.023678
0.022879
0.020724
0.022658
0.019328
0.019763
0.017574
0.017666
0.017683
0.016219
0.0074396
0.0074798
0.018852
0.018698
0.0073093
0.014867
0.015674
0.018963
0.019596
0.055847
0.04292
0.04438
0.039636
0.042387
0.049512
0.040124
0.059444
0.064787
0.048386
0.048669
0.063278
0.051481
0.05347
0.057362
0.057407
0.05034
0.04625
0.065195
0.068247
0.0088852
0.063683
0.010283
0.061089
0.047105
0.03174
0.042807
0.032759
0.039638
0.027489
0.036323
0.040086
0.030246
0.027019
0.030284
0.038478
0.026553
0.055314
0.05814
0.050645
0.057411
0.05094
0.049472
0.043901
0.043249
0.021262
0.022764
0.017981
0.018263
0.015746
0.013674
0.011218
0.022354
0.034484
0.024311
0.035237
0.032423
0.034369
0.028963
0.022755
0.02325
0.023579
0.029735
0.013423
0.039855
0.044831
0.039057
0.010862
0.036553
0.03252
0.034101
0.032848
0.030042
0.025841
0.027195
0.0071947
0.014596
0.014188
0.013473
0.0090159
0.012506
0.011984
0.012446
0.011181
0.020487
0.012025
0.008718
0.018051
0.010187
0.015882
0.010338
0.012987
0.016241
0.0083179
0.014838
0.012742
0.015187
0.022944
0.019862
0.016398
0.021741
0.01749
0.018883
0.015099
0.012444
0.01336
0.0074561
0.0094111
0.0085466
0.015077
0.0060392
0.014438
0.013392
0.012521
0.015794
0.013547
0.012863
0.013737
0.012762
0.013829
0.013006
0.01525
0.0071909
0.0070936
0.0084687
0.0079185
0.012387
0.0074425
0.014698
0.014925
0.014977
0.013098
0.012712
0.016383
0.014785
0.013059
0.01057
0.013548
0.013823
0.0075041
0.0063053
0.008205
0.018403
0.0068917
0.01391
0.016881
0.014141
0.0096565
0.010332
0.018747
0.01966
0.0086003
0.018801
0.01392
0.015975
0.013618
0.015794
0.016299
0.0066199
0.0076045
0.0081689
0.0073978
0.021088
0.028983
0.022417
0.014765
0.017015
0.018216
0.014433
0.023736
0.022976
0.0099614
0.010981
0.0094722
0.010821
0.0081504
0.010043
0.0079494
0.0085939
0.0084841
0.0075911
0.0078409
0.007579
0.010532
0.010239
0.016453
0.01392
0.014025
0.012144
0.014525
0.013263
0.014614
0.013352
0.013116
0.0076384
0.015617
0.012586
0.012956
0.0085013
0.012679
0.011723
0.013733
0.015009
0.015508
0.012927
0.0094461
0.016519
0.0089595
0.0114
0.0092842
0.01182
0.0085739
0.0091687
0.017433
0.014451
0.014896
0.016664
0.013428
0.0097868
0.012165
0.010557
0.013002
0.0096212
0.0094643
0.010211
0.0083151
0.0089975
0.010259
0.011785
0.0069544
0.0085467
0.013252
0.0089514
0.017631
0.0093571
0.0092777
0.021827
0.0097827
0.023232
0.025268
0.016788
0.023296
0.024771
0.026145
0.009736
0.011444
0.0093842
0.011734
0.010114
0.010679
0.0096309
0.0068434
0.0077526
0.0085323
0.0071262
0.0084932
0.0073801
0.008517
0.0091382
0.0094188
0.0067112
0.011205
0.010945
0.0088127
0.010898
0.0096225
0.0092019
0.010999
0.0093694
0.0069288
0.010061
0.006478
0.0076475
0.0083915
0.007278
0.016495
0.015057
0.013172
0.017205
0.017771
0.017561
0.016432
0.011718
0.016924
0.0096617
0.010127
0.012189
0.014022
0.012933
0.011874
0.015606
0.016016
0.011075
0.01723
0.013381
0.015544
0.012523
0.022374
0.024586
0.017725
0.020388
0.021375
0.022335
0.020915
0.021878
0.024001
0.023085
0.0073036
0.0050079
0.008624
0.0078426
0.011659
0.0058403
0.010964
0.0080522
0.011915
0.0078274
0.01032
0.012898
0.0067614
0.0063512
0.0080333
0.01173
0.0070376
0.0058958
0.01003
0.010424
0.0089292
0.0068942
0.0087339
0.0083207
0.01073
0.010812
0.010742
0.0095445
0.0073153
0.0073047
0.0097585
0.0069319
0.0080283
0.0088974
0.0098474
0.0092847
0.0073716
0.01006
0.0096114
0.0097886
0.015166
0.013077
0.012526
0.013937
0.014549
0.014342
0.011892
0.010165
0.012672
0.012949
0.017025
0.012883
0.016095
0.014682
0.015486
0.013905
0.011693
0.013731
0.013703
0.0076464
0.013519
0.014921
0.020238
0.0080549
0.0071691
0.0080716
0.0051546
0.014598
0.0093055
0.010139
0.017815
0.012842
0.0233
0.013151
0.01358
0.015767
0.011609
0.00732
0.010137
0.0084025
0.0080441
0.00743
0.0072931
0.0078981
0.0055733
0.0063194
0.0081629
0.0086381
0.008616
0.0081587
0.008104
0.0084559
0.0085202
0.0094017
0.0093963
0.0091461
0.0098231
0.01048
0.013542
0.010554
0.012545
0.013186
0.011475
0.012949
0.013816
0.013964
0.012598
0.013412
0.012209
0.010676
0.012352
0.013337
0.012726
0.011191
0.01393
0.011602
0.013056
0.011799
0.011727
0.0056426
0.0068547
0.011622
0.016047
0.0067953
0.0073196
0.013099
0.010643
0.014391
0.015293
0.014884
0.014949
0.01425
0.016834
0.020744
0.0056761
0.0092068
0.010474
0.014009
0.021154
0.018826
0.011222
0.010113
0.019581
0.022673
0.023258
0.021756
0.012664
0.014607
0.014212
0.016099
0.0093304
0.013877
0.0074212
0.01459
0.019124
0.019038
0.021787
0.017604
0.021114
0.020689
0.020687
0.021835
0.022326
0.022743
0.020032
0.019664
0.019363
0.018338
0.021829
0.01643
0.017215
0.017378
0.019414
0.020792
0.015548
0.017037
0.020033
0.019178
0.018058
0.018236
0.02175
0.022362
0.018371
0.022075
0.018939
0.024154
0.027184
0.02323
0.026021
0.025606
0.027808
0.026934
0.024581
0.024351
0.025985
0.028741
0.025419
0.03076
0.032185
0.035238
0.029538
0.033599
0.033762
0.018232
0.021678
0.022504
0.032756
0.025832
0.030526
0.030584
0.020759
0.020652
0.021899
0.026732
0.030398
0.033141
0.020414
0.0083788
0.022937
0.019627
0.029378
0.019884
0.022737
0.02729
0.027084
0.028656
0.047399
0.043035
0.038494
0.035038
0.038719
0.03484
0.032531
0.036064
0.033175
0.028487
0.027384
0.055727
0.053712
0.063702
0.061684
0.050815
0.067137
0.049977
0.024863
0.037558
0.042588
0.046291
0.060227
0.046957
0.039637
0.062623
0.062183
0.017749
0.01232
0.012128
0.02987
0.056146
0.030736
0.023495
0.030003
0.021094
0.023403
0.0084726
0.021448
0.017755
0.025051
0.020045
0.01778
0.039162
0.043486
0.052832
0.047664
0.022316
0.033757
0.038253
0.015387
0.015783
0.01398
0.01478
0.016937
0.01251
0.013207
0.017475
0.014006
0.014329
0.013972
0.010672
0.011394
0.0096778
0.012091
0.034653
0.034281
0.031025
0.03433
0.036418
0.033254
0.0072314
0.0099678
0.0093586
0.010447
0.010339
0.01002
0.0090285
0.0089951
0.0061414
0.0068501
0.0087553
0.00993
0.0093562
0.015647
0.01273
0.019459
0.033262
0.029857
0.030055
0.028166
0.025154
0.0076376
0.0058026
0.0060272
0.005877
0.0041394
0.0054431
0.0063808
0.005634
0.0065803
0.004807
0.0042178
0.0070855
0.0065677
0.0076186
0.0073048
0.0090462
0.0067912
0.0062119
0.0061434
0.0053067
0.014886
0.0085962
0.0076451
0.0068208
0.015735
0.015899
0.021438
0.0149
0.017198
0.018266
0.013555
0.015085
0.013707
0.014897
0.0071398
0.0066601
0.0072016
0.0079927
0.0073163
0.0066236
0.0073533
0.007516
0.0077595
0.0080007
0.0077639
0.0051402
0.0053897
0.0054616
0.0070543
0.0067435
0.0080886
0.0062058
0.0084494
0.01597
0.0086051
0.0079545
0.01359
0.015639
0.012937
0.014912
0.013946
0.011584
0.011282
0.0089761
0.0076757
0.0064385
0.0089603
0.010543
0.0086136
0.0087158
0.0093822
0.0070767
0.009173
0.0071065
0.011543
0.010024
0.015213
0.0092907
0.014422
0.014541
0.011419
0.014249
0.011929
0.011394
0.012096
0.011617
0.011098
0.011532
0.010389
0.010161
0.0069911
0.011344
0.011429
0.01253
0.010296
0.012048
0.009617
0.010589
0.013605
0.01362
0.0089546
0.014481
0.0091714
0.012799
0.0091176
0.0087476
0.0082965
0.011936
0.0074839
0.0077381
0.0078731
0.010669
0.0099077
0.011763
0.0079084
0.010655
0.009937
0.010849
0.0080302
0.0087811
0.0073919
0.011291
0.0067495
0.0058074
0.011664
0.0099777
0.005773
0.0049168
0.018701
0.015423
0.01711
0.015779
0.014302
0.011705
0.018058
0.018507
0.018205
0.014561
0.016615
0.016171
0.018252
0.018281
0.014541
0.017209
0.017224
0.016245
0.01133
0.012129
0.012305
0.013139
0.011606
0.013948
0.010598
0.010434
0.0075411
0.0070641
0.0098427
0.0065511
0.007317
0.0088186
0.01198
0.010063
0.0060888
0.0081658
0.0082395
0.0062956
0.0072415
0.0085841
0.0071829
0.0084423
0.0108
0.0095604
0.0088889
0.0092145
0.0094946
0.008935
0.0091198
0.0088619
0.0082124
0.0079294
0.016805
0.012676
0.014339
0.014585
0.019726
0.010646
0.0096943
0.012397
0.01455
0.0117
0.0076385
0.013113
0.01295
0.010082
0.007394
0.011394
0.0082079
0.0072725
0.0078287
0.0080877
0.0096617
0.01097
0.0084325
0.010266
0.010097
0.010059
0.012702
0.014579
0.012438
0.012409
0.012817
0.0092752
0.0077803
0.0090194
0.0076214
0.0087014
0.011422
0.0099792
0.010047
0.0078811
0.0074111
0.0075201
0.0071679
0.0083293
0.008674
0.006625
0.0086434
0.0044788
0.0074024
0.0092281
0.0073362
0.0067766
0.0095768
0.0085557
0.010504
0.011259
0.011957
0.011847
0.016552
0.018622
0.015827
0.016991
0.0090754
0.0077852
0.0070147
0.0084141
0.0091558
0.0096623
0.0073227
0.0089397
0.007406
0.0059226
0.0079435
0.0075875
0.0086024
0.005391
0.0048526
0.0071092
0.0060281
0.0068613
0.0098936
0.0048515
0.0050925
0.0067229
0.005549
0.0052653
0.0069762
0.006816
0.0062393
0.0071778
0.0065094
0.0072909
0.0078714
0.007501
0.0079669
0.0057998
0.006618
0.0067651
0.011517
0.010107
0.012519
0.011756
0.010519
0.01272
0.011202
0.020992
0.020325
0.01752
0.017987
0.019121
0.019849
0.017857
0.023974
0.0095135
0.021735
0.020587
0.011057
0.0085887
0.012579
0.014247
0.017863
0.013061
0.013342
0.0084586
0.0090229
0.0075174
0.0090771
0.010045
0.010043
0.010149
0.0086537
0.010168
0.0087319
0.009521
0.0090759
0.0095743
0.0086869
0.0091481
0.0095947
0.0097572
0.0084792
0.0090987
0.0094046
0.0067777
0.0067568
0.0085936
0.0086501
0.0085642
0.0090161
0.012338
0.011875
0.0098414
0.012904
0.010272
0.010565
0.013884
0.010966
0.011451
0.010539
0.0095378
0.0088226
0.010753
0.0096836
0.017437
0.023007
0.025194
0.019195
0.021504
0.025561
0.028007
0.027653
0.017928
0.021989
0.023823
0.025684
0.018184
0.017472
0.02175
0.021377
0.019186
0.021957
0.011849
0.013475
0.014293
0.013749
0.01308
0.015137
0.013728
0.013368
0.014351
0.013284
0.012543
0.011466
0.012134
0.015697
0.013769
0.013671
0.014036
0.012608
0.012197
0.012282
0.014348
0.010865
0.014606
0.013451
0.0092494
0.010347
0.0094854
0.011041
0.01023
0.011053
0.012746
0.010471
0.011648
0.011595
0.018014
0.018918
0.019961
0.021518
0.022547
0.023499
0.025768
0.026777
0.027115
0.01975
0.019828
0.020323
0.022662
0.027653
0.023547
0.023383
0.014101
0.012784
0.011999
0.012604
0.013126
0.015378
0.011018
0.013851
0.01599
0.015601
0.018796
0.02259
0.024247
0.021328
0.036532
0.044627
0.031207
0.044603
0.030292
0.03193
0.035016
0.040921
0.029587
0.030628
0.030347
0.025955
0.026013
0.029941
0.033468
0.031178
0.031115
0.030422
0.03196
0.03088
0.034581
0.030347
0.033521
0.026825
0.030953
0.03121
0.032859
0.035203
0.031605
0.031928
0.034092
0.035632
0.034713
0.034565
0.035998
0.026162
0.021651
0.025127
0.024333
0.029498
0.032426
0.031697
0.032079
0.03122
0.032717
0.034349
0.037834
0.033903
0.03457
0.034165
0.032175
0.030183
0.03785
0.041794
0.036201
0.041825
0.043505
0.035891
0.040046
0.033665
0.031432
0.039247
0.038285
0.043446
0.039413
0.048273
0.045347
0.037115
0.044643
0.036782
0.043562
0.04576
0.042425
0.036928
0.034016
0.033215
0.030484
0.02627
0.033079
0.028038
0.019121
0.027918
0.035881
0.030832
0.03357
0.027952
0.039281
0.023255
0.038572
0.030195
0.03045
0.023721
0.028939
0.028919
0.016614
0.033602
0.027844
0.03217
0.031451
0.018945
0.031393
0.023369
0.035831
0.0073352
0.030732
0.016453
0.020166
0.02681
0.027414
0.012776
0.022688
0.02687
0.0075689
0.0092614
0.024094
0.0092888
0.030744
0.032971
0.0276
0.028525
0.0075791
0.0076097
0.0064571
0.0075795
0.007698
0.0048811
0.0048512
0.0057532
0.0074771
0.0046011
0.0042767
0.0050945
0.012872
0.006138
0.0046873
0.023387
0.018649
0.016336
0.013774
0.023224
0.02572
0.027426
0.023487
0.021291
0.0089247
0.0086203
0.0076537
0.0078451
0.006201
0.0060637
0.0058108
0.0080806
0.0048723
0.0072867
0.0075478
0.0067033
0.0065679
0.0061114
0.0043698
0.0064056
0.0062474
0.0054332
0.0064324
0.0068559
0.0038906
0.0071782
0.0060604
0.0064752
0.0039569
0.0049535
0.0058265
0.0045953
0.0050079
0.0056047
0.0062297
0.0060678
0.0046743
0.0052143
0.0055945
0.0058205
0.0061757
0.017022
0.013738
0.013736
0.0092778
0.011145
0.0099318
0.012307
0.015471
0.018287
0.0094712
0.010063
0.016771
0.013863
0.0091672
0.0094984
0.0061666
0.0068919
0.0080752
0.0069108
0.0072933
0.0090969
0.0077106
0.010978
0.0084357
0.0076759
0.006078
0.0059068
0.0064356
0.0070512
0.0048415
0.0047943
0.0057904
0.0060271
0.0063417
0.0078724
0.0061511
0.0067411
0.0055984
0.0078483
0.005445
0.0060687
0.0058702
0.0056292
0.0071855
0.013725
0.007929
0.0069122
0.011874
0.0073279
0.016693
0.013257
0.0066698
0.0065811
0.014016
0.015765
0.015509
0.014999
0.016761
0.016676
0.016625
0.016964
0.014345
0.013563
0.01147
0.018505
0.016016
0.015384
0.016681
0.011506
0.013503
0.013806
0.015081
0.0097423
0.014294
0.007559
0.015057
0.011622
0.013148
0.019701
0.0094224
0.013246
0.016804
0.018167
0.010423
0.018802
0.014782
0.012132
0.014275
0.0083602
0.01239
0.0077857
0.013093
0.0070012
0.0075836
0.0080661
0.010245
0.0074023
0.006708
0.0085521
0.0072732
0.008297
0.0074186
0.0094752
0.0089751
0.0077921
0.0052333
0.0066421
0.0061863
0.0063224
0.0075127
0.0059572
0.0059306
0.0064894
0.006938
0.005209
0.011436
0.0062148
0.0059393
0.016234
0.0073686
0.011141
0.014169
0.0090081
0.011467
0.013249
0.015322
0.01972
0.015705
0.017133
0.017525
0.017219
0.014423
0.010526
0.01302
0.016348
0.010183
0.013219
0.011267
0.010833
0.0086501
0.015051
0.012389
0.013283
0.015391
0.015219
0.0068376
0.014945
0.014362
0.015817
0.017939
0.019462
0.013653
0.014469
0.018289
0.01543
0.0067629
0.0049306
0.015114
0.0074463
0.016432
0.0085458
0.0065317
0.016159
0.0098002
0.016077
0.0066623
0.0098782
0.013115
0.0075223
0.010994
0.009981
0.011309
0.0074723
0.0094586
0.0077014
0.01007
0.012156
0.011588
0.011896
0.012525
0.011596
0.011126
0.011592
0.0091024
0.011517
0.011206
0.011357
0.013223
0.0089226
0.011682
0.0093924
0.010433
0.0078746
0.0093149
0.010697
0.0090264
0.0080748
0.0095806
0.0083383
0.0079993
0.0076324
0.0078186
0.0062068
0.0072354
0.0075536
0.0054497
0.011063
0.0079813
0.016859
0.015971
0.014913
0.018729
0.0178
0.020843
0.017532
0.011573
0.0071878
0.0093382
0.0073901
0.011152
0.0091385
0.0093979
0.01033
0.0067675
0.008265
0.0076557
0.0078227
0.0091299
0.0086123
0.005421
0.0088858
0.0068611
0.0069211
0.0052536
0.007558
0.0067992
0.0088459
0.0083296
0.0098056
0.0060621
0.0077098
0.0074764
0.0075951
0.0057281
0.0077345
0.0075494
0.0091424
0.0096149
0.0077502
0.0095513
0.0078291
0.0073054
0.0090716
0.0073904
0.0096015
0.0077251
0.011566
0.0089078
0.009148
0.011416
0.01087
0.012019
0.011407
0.010935
0.0093911
0.01223
0.011839
0.011107
0.009029
0.0092741
0.012382
0.011421
0.0072721
0.010074
0.008573
0.0099085
0.011795
0.010192
0.011695
0.011877
0.014408
0.020958
0.014676
0.019875
0.022617
0.01513
0.009329
0.010007
0.010681
0.009502
0.0093651
0.0097231
0.0096586
0.011336
0.018379
0.0139
0.0068669
0.0096997
0.0084669
0.0059224
0.0094594
0.011782
0.0075476
0.011359
0.011482
0.010406
0.00977
0.011813
0.0096943
0.010303
0.011796
0.010852
0.010226
0.010866
0.010193
0.010805
0.011703
0.01169
0.011428
0.012019
0.010892
0.012731
0.019367
0.024767
0.020425
0.025617
0.027925
0.025576
0.021244
0.06099
0.014869
0.017028
0.017744
0.011572
0.017133
0.014138
0.016351
0.020503
0.020462
0.0096327
0.0091935
0.0092509
0.011341
0.011378
0.012854
0.011795
0.01059
0.011424
0.010227
0.0091854
0.011279
0.010482
0.011259
0.011151
0.0092728
0.010378
0.010329
0.011899
0.012758
0.011481
0.011121
0.0097573
0.0099265
0.010131
0.010101
0.010226
0.0091733
0.011734
0.014673
0.028963
0.033039
0.034113
0.035695
0.03525
0.035546
0.027125
0.019414
0.023011
0.021916
0.022477
0.022362
0.021293
0.024071
0.024698
0.01237
0.008465
0.011629
0.01362
0.013106
0.0082796
0.012478
0.01015
0.01195
0.011278
0.015184
0.0093971
0.011106
0.010587
0.011625
0.015134
0.019331
0.011154
0.010589
0.012302
0.014291
0.01125
0.014188
0.014103
0.013081
0.019296
0.013665
0.019783
0.017601
0.035607
0.024672
0.038566
0.041944
0.032074
0.036538
0.043887
0.035439
0.040574
0.040493
0.038657
0.037875
0.042367
0.024912
0.033628
0.028812
0.031331
0.036851
0.03074
0.010319
0.013408
0.011516
0.015185
0.013344
0.01913
0.020075
0.019977
0.011286
0.012344
0.012289
0.010846
0.014051
0.011061
0.011814
0.014597
0.01076
0.013055
0.012858
0.014034
0.016765
0.012343
0.013682
0.013146
0.014935
0.016347
0.015718
0.019913
0.020664
0.024806
0.02258
0.031152
0.031111
0.010226
0.019138
0.014993
0.020713
0.018001
0.030133
0.020559
0.027857
0.0339
0.032246
0.032291
0.016354
0.02256
0.021974
0.034733
0.027196
0.031617
0.038488
0.041501
0.02598
0.036026
0.043622
0.024259
0.042407
0.046038
0.038444
0.042716
0.040527
0.045522
0.045295
0.047216
0.042797
0.03481
0.041044
0.048262
0.042312
0.038934
0.044019
0.046101
0.045595
0.040443
0.047738
0.045198
0.035793
0.032607
0.030311
0.02866
0.031892
0.029922
0.033712
0.032535
0.028351
0.028615
0.028272
0.02578
0.029168
0.016443
0.020699
0.025446
0.019012
0.02227
0.026752
0.026691
0.019678
0.019714
0.019656
0.022417
0.026626
0.029581
0.033696
0.040248
0.035551
0.036956
0.040474
0.043338
0.042248
0.047862
0.044826
0.044642
0.048326
0.048482
0.048053
0.047819
0.044256
0.04036
0.041505
0.045625
0.045178
0.021086
0.020005
0.01434
0.017619
0.015075
0.0067022
0.010556
0.015952
0.018761
0.014071
0.0031076
0.0075072
0.018226
0.0050572
0.01374
0.021586
0.015302
0.020879
0.020969
0.024012
0.022444
0.021947
0.019038
0.0047158
0.010767
0.0080261
0.0054597
0.0085246
0.0071308
0.015135
0.0067105
0.0089901
0.013574
0.0058291
0.017855
0.01306
0.0081026
0.0081907
0.017981
0.011906
0.0081117
0.011355
0.014303
0.0075913
0.008895
0.019743
0.022031
0.01794
0.0086267
0.0073967
0.0068865
0.009666
0.0094032
0.010095
0.0066945
0.009041
0.0072086
0.00981
0.0082782
0.013668
0.01502
0.0087709
0.015034
0.0089173
0.012608
0.015174
0.010324
0.013914
0.014905
0.013466
0.014209
0.016438
0.016984
0.018969
0.014431
0.013006
0.016237
0.017931
0.015972
0.015856
0.016207
0.015101
0.017619
0.013196
0.014836
0.018253
0.016713
0.01709
0.016633
0.016799
0.015004
0.012789
0.015031
0.016643
0.014207
0.014493
0.016044
0.01258
0.017398
0.015382
0.0083733
0.018157
0.016992
0.0064101
0.0084618
0.0062744
0.0059649
0.0060632
0.0073322
0.0068397
0.0061427
0.0072978
0.014661
0.010452
0.011648
0.011026
0.0086989
0.0099013
0.011489
0.019065
0.011749
0.016713
0.01011
0.019498
0.0080673
0.013998
0.018151
0.014969
0.019828
0.017824
0.011314
0.010904
0.012769
0.0096625
0.014462
0.010179
0.010786
0.0090312
0.013158
0.0094301
0.010656
0.0093345
0.0092958
0.0054584
0.0047293
0.007748
0.0047079
0.0077834
0.0063973
0.0073658
0.0080947
0.0053459
0.0076182
0.006086
0.0066603
0.0073865
0.0061604
0.0068039
0.0083882
0.0063528
0.0053415
0.007195
0.0066053
0.0077414
0.0053898
0.005152
0.0061052
0.0061644
0.0076568
0.0071375
0.0055705
0.0076396
0.006036
0.0064571
0.0070512
0.0068152
0.0074189
0.0089071
0.006715
0.0086877
0.0092855
0.0079077
0.0088988
0.0077826
0.010035
0.0086477
0.018847
0.018548
0.022197
0.018008
0.020129
0.022042
0.015386
0.015369
0.0099602
0.013338
0.011219
0.01196
0.011784
0.0089012
0.0095963
0.0086606
0.0087089
0.010653
0.0060114
0.007096
0.0093362
0.0077749
0.0068531
0.0085607
0.0087485
0.0065616
0.0092498
0.0055877
0.010537
0.01066
0.012739
0.0087469
0.0088552
0.0068888
0.0087843
0.0091937
0.0083279
0.0075139
0.0083011
0.0075005
0.0065001
0.0077387
0.0062846
0.0072347
0.0070705
0.0077156
0.0080581
0.0073841
0.0072844
0.0087617
0.0077833
0.0091465
0.0086561
0.010384
0.022457
0.0098165
0.022597
0.025355
0.024572
0.011586
0.024322
0.026064
0.014539
0.011994
0.014884
0.011843
0.017896
0.05212
0.05179
0.016365
0.011203
0.0099237
0.010207
0.010324
0.010971
0.011259
0.010978
0.010765
0.0094503
0.011382
0.011077
0.0095705
0.0093609
0.0083291
0.010542
0.0083226
0.0082512
0.0091181
0.011597
0.010215
0.008952
0.0092439
0.010915
0.0084268
0.011225
0.0085551
0.016476
0.013693
0.01683
0.027622
0.030818
0.029342
0.026845
0.030848
0.029617
0.029257
0.027286
0.028403
0.030403
0.031865
0.016516
0.02112
0.018789
0.019555
0.022202
0.02429
0.02069
0.023669
0.023509
0.010767
0.011657
0.0092162
0.010332
0.010086
0.010612
0.010474
0.0088645
0.010186
0.0093339
0.012853
0.019896
0.015582
0.0091088
0.014148
0.020804
0.016984
0.018817
0.027887
0.023412
0.030799
0.0299
0.028485
0.022778
0.033665
0.027938
0.030987
0.028212
0.032764
0.02924
0.035627
0.027375
0.028719
0.031905
0.031822
0.028755
0.036934
0.032943
0.038633
0.035778
0.033581
0.041162
0.039805
0.022936
0.026527
0.026587
0.023213
0.025471
0.023465
0.02489
0.0088545
0.0093127
0.010926
0.008334
0.0085183
0.009418
0.007987
0.0094491
0.0082417
0.0087217
0.008914
0.026648
0.019311
0.018939
0.032712
0.021413
0.02859
0.034611
0.022125
0.040804
0.040625
0.029144
0.031747
0.034087
0.035537
0.034668
0.035782
0.036349
0.041057
0.042068
0.031234
0.033107
0.03653
0.030981
0.037639
0.034925
0.024713
0.036753
0.029328
0.024302
0.037019
0.032366
0.012717
0.010234
0.0099981
0.010057
0.015767
0.012422
0.019503
0.018381
0.011626
0.019958
0.041516
0.034799
0.025233
0.028871
0.018013
0.013775
0.018732
0.017941
0.012693
0.018616
0.016389
0.018973
0.018572
0.017825
0.017935
0.019043
0.020276
0.022418
0.017014
0.02124
0.019108
0.016772
0.013758
0.019212
0.018569
0.017671
0.020086
0.018934
0.011434
0.019049
0.017255
0.015931
0.017672
0.016693
0.017051
0.017375
0.019342
0.018218
0.013628
0.015567
0.015633
0.016336
0.013404
0.017574
0.017507
0.01525
0.015568
0.011312
0.010854
0.019317
0.014788
0.018086
0.011179
0.018496
0.010906
0.011299
0.012673
0.016146
0.019882
0.017592
0.012162
0.014151
0.01466
0.011559
0.016984
0.015287
0.014479
0.016759
0.014553
0.014342
0.012274
0.020191
0.018057
0.015922
0.016982
0.015869
0.013771
0.013099
0.010493
0.017308
0.019824
0.017236
0.017178
0.016248
0.037145
0.017472
0.014882
0.012305
0.011322
0.014622
0.0075969
0.0056778
0.0080316
0.00642
0.016334
0.015697
0.010197
0.0095429
0.0094001
0.0094934
0.019744
0.011649
0.014173
0.0078743
0.0066853
0.011851
0.0075389
0.0064962
0.012452
0.0067071
0.0060098
0.0070403
0.0073351
0.0055231
0.0058739
0.0066292
0.0088451
0.0086248
0.00617
0.0064324
0.0080328
0.0067584
0.0069228
0.0094195
0.0064148
0.0074215
0.0096266
0.0077887
0.0077843
0.010026
0.0093704
0.012657
0.012449
0.011797
0.014481
0.013586
0.01199
0.011814
0.011776
0.013621
0.0098726
0.060663
0.023806
0.013207
0.011719
0.017587
0.024795
0.01598
0.016221
0.02481
0.025441
0.026624
0.027302
0.019953
0.018694
0.017144
0.019039
0.020567
0.023498
0.014922
0.01354
0.017915
0.013712
0.030355
0.024331
0.016021
0.01887
0.019019
0.020854
0.018842
0.015274
0.015086
0.0091829
0.015315
0.0091412
0.0085841
0.0075092
0.008915
0.0082841
0.0058543
0.010606
0.010248
0.0099789
0.0097798
0.0093525
0.0095578
0.008751
0.026875
0.0096559
0.011832
0.0091084
0.012238
0.0091468
0.0089382
0.021779
0.022091
0.0080769
0.01188
0.012003
0.0086408
0.022724
0.022275
0.012201
0.015013
0.020471
0.013693
0.028646
0.024957
0.024415
0.02715
0.024226
0.017844
0.021579
0.022027
0.012788
0.020055
0.019431
0.021838
0.021522
0.030108
0.012224
0.010578
0.021014
0.010018
0.0094421
0.010724
0.0097906
0.012536
0.012807
0.011496
0.016859
0.017838
0.01384
0.014904
0.026062
0.021411
0.021511
0.026213
0.016278
0.023971
0.025944
0.031147
0.02462
0.028465
0.029667
0.028939
0.02468
0.027648
0.030891
0.02896
0.029889
0.027671
0.022139
0.019959
0.021733
0.020976
0.0215
0.024268
0.020657
0.019947
0.020652
0.010911
0.0090807
0.0078151
0.0083689
0.0085046
0.0083505
0.0096019
0.0082445
0.018223
0.01668
0.021733
0.020913
0.026531
0.016703
0.025094
0.022712
0.025652
0.018767
0.021394
0.026591
0.021638
0.030719
0.03227
0.030608
0.031519
0.034955
0.029536
0.02653
0.028494
0.020191
0.024039
0.019625
0.0195
0.025113
0.022207
0.027083
0.029734
0.0077627
0.0078435
0.0094041
0.010291
0.01015
0.0092597
0.026904
0.023125
0.026765
0.024664
0.029449
0.027338
0.013264
0.033088
0.0097663
0.010787
0.0098502
0.0085168
0.012755
0.024676
0.019214
0.0335
0.03882
0.033984
0.040856
0.030986
0.028166
0.037664
0.041649
0.040601
0.029353
0.041065
0.033695
0.036584
0.028659
0.035363
0.019143
0.028608
0.040961
0.042706
0.052261
0.042075
0.044302
0.035181
0.043594
0.045763
0.03881
0.039809
0.041695
0.049839
0.046069
0.046309
0.036924
0.040849
0.0437
0.032065
0.049037
0.05559
0.046505
0.039729
0.04612
0.042242
0.044277
0.038541
0.043111
0.032772
0.038504
0.041404
0.038058
0.037834
0.034657
0.035164
0.037217
0.034597
0.034256
0.027908
0.027856
0.027221
0.028723
0.041184
0.037039
0.023578
0.027338
0.025005
0.025626
0.025085
0.017693
0.01696
0.018863
0.02534
0.01545
0.013684
0.01997
0.017061
0.010557
0.013573
0.013305
0.017261
0.018461
0.0099623
0.011094
0.016151
0.0084568
0.012943
0.016769
0.010477
0.017724
0.01902
0.009487
0.01473
0.019331
0.011034
0.007572
0.0061698
0.018833
0.009191
0.016089
0.019213
0.020863
0.018555
0.0076455
0.009536
0.0077652
0.012492
0.0071208
0.014061
0.017957
0.010687
0.012188
0.017513
0.008155
0.011979
0.017828
0.019301
0.013014
0.011349
0.017771
0.0087275
0.020257
0.010497
0.011329
0.0088567
0.01205
0.018051
0.017585
0.016523
0.014591
0.027512
0.021688
0.022524
0.012497
0.0094431
0.017331
0.012176
0.013986
0.012215
0.012687
0.013505
0.016009
0.015002
0.010562
0.013871
0.010277
0.011152
0.011816
0.011954
0.013248
0.011578
0.01124
0.012309
0.013257
0.010576
0.010481
0.011481
0.0086953
0.008682
0.010144
0.01026
0.0070178
0.011601
0.0085065
0.011142
0.0092428
0.0084612
0.0082159
0.0081922
0.014801
0.014987
0.017722
0.016628
0.017625
0.01669
0.020554
0.028214
0.021359
0.019882
0.030233
0.023392
0.026876
0.026945
0.019834
0.023328
0.024504
0.025392
0.027191
0.019336
0.01566
0.014179
0.015131
0.016994
0.016195
0.019297
0.0073573
0.0081042
0.0075475
0.0092812
0.0068717
0.0067682
0.0097376
0.0071127
0.0067685
0.00651
0.01341
0.010313
0.011766
0.010688
0.012877
0.0085652
0.013492
0.011799
0.0089999
0.010673
0.0090085
0.0087278
0.010827
0.026666
0.026791
0.020996
0.016066
0.025949
0.025845
0.026193
0.023729
0.026762
0.030148
0.031607
0.023316
0.026377
0.0267
0.027151
0.019368
0.027999
0.027569
0.022512
0.027489
0.0091346
0.0099104
0.0090732
0.011313
0.0084739
0.022297
0.011145
0.0089625
0.011493
0.030041
0.010476
0.015183
0.021813
0.026253
0.016915
0.023915
0.029925
0.026408
0.026218
0.026902
0.025766
0.020655
0.030726
0.021801
0.021869
0.023075
0.025654
0.023185
0.024987
0.025323
0.022097
0.0093907
0.0092495
0.0089158
0.0094596
0.0095965
0.0101
0.015655
0.022727
0.016058
0.019292
0.023459
0.018639
0.021736
0.023366
0.025513
0.026978
0.02589
0.025646
0.023633
0.021517
0.029351
0.025199
0.0086102
0.0070683
0.0081109
0.0069577
0.010415
0.010395
0.011342
0.027037
0.02549
0.024056
0.030675
0.029593
0.0091213
0.0090306
0.010013
0.011833
0.010696
0.013139
0.029657
0.035945
0.035943
0.037574
0.032011
0.032557
0.04092
0.042404
0.038503
0.032868
0.016099
0.014367
0.01959
0.025145
0.01551
0.041067
0.040106
0.036503
0.035584
0.038411
0.041654
0.019761
0.024108
0.032504
0.024848
0.021524
0.025525
0.036555
0.029573
0.035034
0.039922
0.031589
0.026258
0.032253
0.034484
0.036539
0.033426
0.03106
0.03185
0.037862
0.048221
0.037249
0.028945
0.045073
0.027051
0.045575
0.031039
0.028309
0.032753
0.047083
0.033478
0.028594
0.04142
0.036665
0.046484
0.032514
0.037126
0.023198
0.033289
0.03349
0.039409
0.024884
0.026893
0.030502
0.026133
0.024731
0.022149
0.021701
0.016554
0.018214
0.027865
0.021848
0.018484
0.018691
0.019872
0.017218
0.011879
0.017264
0.013162
0.012694
0.011004
0.010434
0.013169
0.0088116
0.0090334
0.008247
0.0056477
0.0080001
0.015224
0.0087598
0.016196
0.018038
0.015821
0.018806
0.016809
0.014021
0.019169
0.0068928
0.0079883
0.0079644
0.0062949
0.0076146
0.0087654
0.0087641
0.0068197
0.0091513
0.0066247
0.0091838
0.0090354
0.0073407
0.0079578
0.019003
0.017405
0.019542
0.0067258
0.018862
0.007222
0.016488
0.016771
0.0072067
0.017691
0.014985
0.018017
0.0058671
0.0082421
0.0080409
0.0090486
0.007755
0.0085718
0.0081606
0.0088254
0.0085712
0.019708
0.020114
0.016302
0.020454
0.015252
0.0178
0.014058
0.017618
0.017276
0.016337
0.015317
0.0088292
0.0093792
0.0098559
0.0077327
0.0095158
0.0072194
0.0090156
0.0095312
0.0090789
0.0096929
0.0085467
0.0094985
0.011497
0.0095826
0.011893
0.0090458
0.01054
0.010878
0.017812
0.017769
0.01939
0.018528
0.021631
0.020437
0.0081861
0.0079398
0.012741
0.0071933
0.0094085
0.0089508
0.0084522
0.0095706
0.010856
0.0084315
0.0094853
0.018412
0.023421
0.022795
0.024113
0.023289
0.024358
0.023959
0.019365
0.025553
0.025366
0.0075436
0.01003
0.0096656
0.0090234
0.010009
0.0091454
0.010162
0.0099987
0.010474
0.0085217
0.025115
0.024554
0.015917
0.024176
0.023909
0.025208
0.023546
0.018981
0.0089239
0.010402
0.0088095
0.010157
0.0082026
0.011333
0.011703
0.010571
0.022579
0.024714
0.025674
0.0089546
0.010575
0.011868
0.0088353
0.011059
0.012843
0.0098473
0.010666
0.02956
0.027392
0.030259
0.027808
0.032485
0.028245
0.0081327
0.0099232
0.0087928
0.01056
0.0086448
0.027273
0.03536
0.039476
0.039427
0.035873
0.040942
0.038751
0.04366
0.038042
0.010872
0.016257
0.010786
0.021402
0.024917
0.035029
0.038662
0.040661
0.033905
0.041561
0.03733
0.040515
0.032864
0.023004
0.038849
0.040306
0.027176
0.028977
0.027924
0.029734
0.027693
0.021854
0.028551
0.016294
0.024951
0.019702
0.024356
0.021486
0.018847
0.020555
0.01896
0.020858
0.025342
0.022021
0.027549
0.014163
0.0099699
0.01135
0.010689
0.0069812
0.015776
0.016157
0.017457
0.013128
0.0083598
0.019909
0.018473
0.011778
0.010865
0.016747
0.013667
0.015083
0.014787
0.012949
0.0068755
0.005546
0.0059939
0.0093005
0.0082813
0.0059217
0.0089838
0.0075943
0.01471
0.014777
0.011769
0.012889
0.014106
0.010197
0.012386
0.011823
0.013022
0.013469
0.0072464
0.011918
0.0073006
0.011649
0.011081
0.0094721
0.0095175
0.0092629
0.0090996
0.0083306
0.013542
0.011634
0.014252
0.015511
0.014528
0.010493
0.014986
0.010404
0.014484
0.0089295
0.0086347
0.0086435
0.0093262
0.0083222
0.0071465
0.0094501
0.0083803
0.0089336
0.0081171
0.010042
0.0090474
0.010421
0.016281
0.010446
0.013793
0.012146
0.0053549
0.0092213
0.0081329
0.0080266
0.0097495
0.0092989
0.0080303
0.0082583
0.0088727
0.0080472
0.016505
0.011741
0.014854
0.014569
0.020811
0.015419
0.021078
0.010909
0.0081401
0.0082181
0.0076723
0.0075695
0.0075736
0.0098661
0.0075492
0.0078765
0.017515
0.020959
0.012068
0.015322
0.022008
0.015656
0.012711
0.016229
0.010156
0.011514
0.01057
0.0088726
0.011898
0.011993
0.013095
0.011163
0.012428
0.011154
0.015099
0.015196
0.018607
0.017496
0.0099593
0.012385
0.012887
0.011251
0.012422
0.01229
0.014443
0.011966
0.020011
0.020753
0.032603
0.025391
0.029506
0.012117
0.010961
0.0086401
0.0072374
0.011661
0.010108
0.0083301
0.029502
0.03655
0.04029
0.042517
0.037706
0.042603
0.015665
0.0088909
0.020423
0.014681
0.017677
0.01247
0.03225
0.028924
0.022524
0.047859
0.039489
0.047407
0.041138
0.03767
0.042402
0.041393
0.038417
0.041943
0.032749
0.031325
0.038438
0.033822
0.030906
0.03074
0.029895
0.026128
0.025047
0.032664
0.029214
0.018887
0.018834
0.021104
0.044618
0.035695
0.037746
0.034764
0.025191
0.025041
0.032736
0.018464
0.020785
0.027909
0.015992
0.037671
0.02226
0.03305
0.035576
0.025716
0.02764
0.024039
0.023211
0.01258
0.024598
0.015686
0.020643
0.017062
0.019662
0.017906
0.020678
0.020638
0.022158
0.012844
0.0093014
0.019268
0.0097518
0.015974
0.020369
0.017333
0.013386
0.013837
0.014814
0.017086
0.013839
0.011695
0.015744
0.018272
0.013461
0.0085042
0.019243
0.020063
0.019968
0.013847
0.016221
0.020998
0.016826
0.012863
0.016368
0.015408
0.019408
0.016901
0.017172
0.017945
0.0098878
0.0086546
0.0093328
0.0094407
0.0064262
0.0089332
0.010487
0.0099726
0.015991
0.01476
0.018469
0.017986
0.0090763
0.012009
0.0080063
0.0080226
0.011045
0.0064873
0.009812
0.0077163
0.0074738
0.011569
0.0077743
0.0087931
0.0085081
0.0089904
0.0082218
0.013255
0.017528
0.016443
0.012753
0.015836
0.00914
0.010308
0.0065147
0.012388
0.011304
0.006435
0.0099689
0.0067561
0.0078185
0.0056571
0.0070978
0.0058244
0.0064896
0.0076502
0.0090696
0.0083312
0.012846
0.012934
0.01352
0.016625
0.013743
0.012992
0.0075381
0.0079532
0.0062965
0.0061819
0.0067249
0.0066996
0.0060647
0.0065593
0.0085797
0.0062928
0.0075687
0.0068677
0.0072023
0.0078889
0.007276
0.0074932
0.0085543
0.0083208
0.0074577
0.0083067
0.0087406
0.010551
0.010759
0.008559
0.0085556
0.0094709
0.0096352
0.0098149
0.012755
0.012843
0.010757
0.011267
0.0096946
0.008172
0.010892
0.0086239
0.012383
0.0094089
0.010158
0.0077548
0.010207
0.0098759
0.0096129
0.012749
0.0089565
0.0088428
0.010623
0.0103
0.010007
0.0091903
0.013333
0.0099198
0.010055
0.0093611
0.010851
0.010089
0.011307
0.010658
0.013819
0.010987
0.014674
0.011422
0.011258
0.011054
0.015555
0.013899
0.020363
0.018885
0.012181
0.013683
0.0096869
0.0091806
0.022515
0.0088707
0.010865
0.015858
0.021394
0.020777
0.02615
0.025227
0.020332
0.022418
0.027068
0.011782
0.011647
0.010354
0.015261
0.011649
0.010098
0.025097
0.031865
0.044738
0.0097535
0.0082167
0.01851
0.014048
0.0081611
0.013879
0.026139
0.0083921
0.011382
0.011416
0.024177
0.030085
0.040592
0.048382
0.035497
0.045418
0.049555
0.048461
0.047849
0.049925
0.04036
0.051564
0.046679
0.047075
0.048971
0.050532
0.041128
0.035402
0.038764
0.043502
0.044933
0.024505
0.039592
0.048113
0.054281
0.057873
0.039039
0.041503
0.056332
0.050914
0.040255
0.049622
0.042604
0.046803
0.029856
0.047975
0.049413
0.050972
0.034621
0.054344
0.051884
0.057177
0.04559
0.052984
0.045784
0.047987
0.048607
0.044171
0.052189
0.045257
0.048329
0.047481
0.050874
0.040241
0.053817
0.052663
0.045081
0.046233
0.050421
0.038348
0.041879
0.027045
0.025844
0.027011
0.038232
0.028268
0.042989
0.029456
0.041446
0.028442
0.040724
0.024362
0.036559
0.024434
0.036344
0.045167
0.043677
0.038263
0.037695
0.02882
0.029945
0.038448
0.04025
0.043903
0.035575
0.026806
0.035123
0.030116
0.036038
0.038846
0.022517
0.029355
0.038879
0.023778
0.043523
0.031402
0.036252
0.02184
0.034041
0.020268
0.025291
0.028721
0.034116
0.024033
0.036145
0.026608
0.039813
0.030186
0.034833
0.0222
0.026909
0.020716
0.013022
0.011353
0.015734
0.013429
0.011353
0.015918
0.034154
0.026319
0.011214
0.026787
0.019743
0.019806
0.024323
0.019738
0.021965
0.028775
0.01208
0.0093174
0.011689
0.010698
0.011651
0.0095652
0.016309
0.015469
0.016275
0.026012
0.020487
0.02147
0.017039
0.0083677
0.010646
0.0092271
0.0087771
0.0085078
0.0069732
0.0075216
0.0062853
0.0068505
0.0065319
0.026116
0.0070957
0.011607
0.0095887
0.0074734
0.011728
0.020618
0.0078764
0.024723
0.0081712
0.0072456
0.0097963
0.018503
0.023384
0.0075835
0.012802
0.026176
0.0089585
0.020708
0.010546
0.024562
0.011658
0.016937
0.010927
0.025483
0.016139
0.010969
0.019685
0.024722
0.011362
0.011711
0.014379
0.013344
0.011825
0.012265
0.016911
0.021346
0.022043
0.016928
0.021088
0.012959
0.0113
0.010632
0.012329
0.011471
0.012704
0.011007
0.013978
0.012053
0.014744
0.017153
0.020148
0.019325
0.020966
0.022701
0.023858
0.014114
0.013223
0.012695
0.011394
0.012676
0.01366
0.013139
0.024979
0.02306
0.027016
0.025806
0.030727
0.029045
0.025508
0.0347
0.032445
0.037689
0.035547
0.012017
0.013446
0.01719
0.019186
0.017952
0.012599
0.019715
0.015999
0.019136
0.026734
0.029709
0.04349
0.040566
0.052608
0.048348
0.053637
0.054878
0.059
0.055853
0.054496
0.023047
0.0364
0.047256
0.034555
0.02384
0.046477
0.037612
0.053051
0.052491
0.045252
0.03979
0.047132
0.048414
0.050014
0.05483
0.061878
0.056229
0.05533
0.051067
0.057226
0.052987
0.053953
0.049942
0.045796
0.05646
0.047828
0.052417
0.048354
0.050889
0.047309
0.042682
0.050869
0.04481
0.045779
0.041718
0.04535
0.043453
0.043205
0.042289
0.045432
0.049733
0.043231
0.045314
0.04624
0.044324
0.045448
0.045947
0.047413
0.037045
0.037566
0.040196
0.044256
0.042892
0.034949
0.041864
0.041305
0.045743
0.043273
0.044532
0.036184
0.040573
0.036389
0.043569
0.047507
0.032939
0.037549
0.035732
0.032901
0.025991
0.034701
0.036102
0.046596
0.040768
0.041984
0.041222
0.042665
0.042633
0.040886
0.022584
0.035175
0.03848
0.041858
0.020555
0.020868
0.034685
0.03531
0.012817
0.038717
0.020195
0.040052
0.035692
0.04062
0.037563
0.037654
0.025578
0.032539
0.037026
0.037956
0.034609
0.032674
0.033027
0.014475
0.031948
0.01504
0.031639
0.024862
0.016596
0.031809
0.024161
0.0072895
0.0062975
0.018392
0.028055
0.032668
0.028419
0.03328
0.027504
0.026017
0.028936
0.034326
0.027528
0.027542
0.018871
0.016539
0.020181
0.018551
0.015182
0.024478
0.017152
0.014145
0.019002
0.016285
0.013266
0.029715
0.026413
0.025325
0.020031
0.017496
0.018932
0.014902
0.015195
0.015676
0.01576
0.01482
0.026465
0.025019
0.022943
0.023468
0.02202
0.023811
0.017262
0.015742
0.019913
0.014804
0.013263
0.018028
0.020164
0.017452
0.013153
0.026525
0.014541
0.021614
0.023756
0.025171
0.023346
0.018125
0.018295
0.025853
0.019703
0.025199
0.017982
0.022223
0.029114
0.030756
0.021705
0.033579
0.035873
0.034289
0.037465
0.042452
0.044549
0.04277
0.050476
0.051016
0.049464
0.02326
0.028498
0.032794
0.043736
0.043899
0.040206
0.029193
0.032872
0.044938
0.035659
0.045818
0.052921
0.054856
0.053496
0.055268
0.054684
0.057639
0.05527
0.060269
0.051179
0.056345
0.057666
0.056385
0.050402
0.039829
0.038797
0.034472
0.035003
0.040324
0.037913
0.034665
0.041588
0.037186
0.037211
0.039385
0.027588
0.036058
0.021631
0.031658
0.02467
0.038919
0.037735
0.032362
0.041947
0.03373
0.039556
0.038673
0.041934
0.021979
0.04112
0.028294
0.042768
0.03591
0.040674
0.045409
0.028068
0.044604
0.041462
0.030481
0.03988
0.038766
0.038177
0.046448
0.043346
0.03663
0.046618
0.024268
0.043458
0.048215
0.030263
0.036291
0.030176
0.042406
0.0312
0.044846
0.046577
0.035931
0.032236
0.04724
0.042367
0.045339
0.03685
0.049983
0.047828
0.033796
0.034992
0.05076
0.050557
0.049593
0.04856
0.027919
0.040017
0.046707
0.051564
0.029689
0.034862
0.056194
0.036148
0.046808
0.050903
0.037017
0.041253
0.050927
0.042558
0.054767
0.042813
0.049382
0.045242
0.055305
0.038056
0.054785
0.049357
0.044211
0.0487
0.058486
0.058778
0.049615
0.026278
0.045162
0.060129
0.058584
0.035045
0.053231
0.061343
0.059369
0.058678
0.062798
0.055496
0.055855
0.060114
0.058029
0.015943
0.011609
0.029278
0.012402
0.013692
0.014955
0.014271
0.023851
0.03315
