0.013879
0.015902
0.012797
0.013472
0.012261
0.010381
0.017021
0.018848
0.019622
0.017548
0.018254
0.018924
0.022397
0.019513
0.018371
0.016043
0.016835
0.022326
0.011644
0.020468
0.02185
0.023444
0.012748
0.017627
0.021773
0.019108
0.021332
0.017744
0.015842
0.011223
0.01767
0.010445
0.0098347
0.012504
0.017332
0.014012
0.007845
0.0050059
0.0043191
0
0.00088332
0.0021515
0.0015932
0.0055688
0.0065779
0.0028925
0.0065555
0.006661
0.0027704
0.0036364
0.0033081
0.0057078
0.0026256
0.00023537
0.0037987
0.0031915
0.0036856
0.0044465
0.0052114
0.005345
0.0040037
0.0028587
0.012418
0.014798
0.010125
0.0067117
0.011803
0.0046737
0.0083767
0.012532
0.0054997
0.015202
0.018722
0.0055523
0.0082323
0.0072296
0.0043252
0.013907
0.0065139
0.0088414
0.0061588
0.0065073
0.013122
0.014772
0.0074025
0.010204
0.0056072
0.010846
0.0056302
0.012562
0.0066102
0.0082769
0.0078374
0.0099943
0.010158
0.0030966
0.0063363
0.0091308
0.0086994
0.0091977
0.011388
0.0088082
0.011385
0.0099323
0.0070828
0.0069198
0.0088636
0.0095277
0.010057
0.017744
0.01768
0.016543
0.01848
0.015112
0.015478
0.015531
0.013472
0.01613
0.011249
0.011162
0.011546
0.012536
0.016282
0.010573
0.010862
0.015424
0.01334
0.0084518
0.009123
0.0078774
0.010835
0.0083529
0.0034023
0.010662
0.012975
0.0081261
0.021998
0.013827
0.01602
0.011746
0.015953
0.01166
0.011627
0.0090098
0.0073862
0.0068687
0.0039536
0.0045337
0.0059658
0.0060916
0.0096207
0.0035711
0.0084772
0.009306
0.010783
0.0091376
0.0048556
0.0095286
0.0075642
0.0096986
0.0068315
0.0072949
0.0093851
0.0063886
0.010636
0.0112
0.0071163
0.0087531
0.009966
0.010372
0.0093262
0.013901
0.0048425
0.006718
0.026608
0.020069
0.0089154
0.015134
0.012601
0.011927
0.015618
0.015702
0.014861
0.014835
0.011063
0.012982
0.012293
0.012128
0.012323
0.011262
0.012091
0.010141
0.010389
0.010033
0.0097558
0.0131
0.011828
0.012468
0.0093312
0.010692
0.0081917
0.014603
0.010575
0.014338
0.014949
0.014469
0.012908
0.0097724
0.0093229
0.013776
0.010344
0.016348
0.017093
0.014557
0.012178
0.0099135
0.016772
0.013225
0.010585
0.010088
0.013632
0.0095037
0.0163
0.0099828
0.0087979
0.0072006
0.0094285
0.010333
0.011306
0.0080439
0.0066114
0.011111
0.0093054
0.016802
0.011497
0.013403
0.010609
0.011253
0.013533
0.013141
0.01594
0.010387
0.006401
0.0087683
0.014007
0.011051
0.010243
0.012438
0.01134
0.0090709
0.0098118
0.0057416
0.0089268
0.0090146
0.0073342
0.014019
0.015202
0.0066878
0.010335
0.0074039
0.0043686
0.00715
0.0054385
0.0085623
0.0084662
0.0077246
0.012443
0.0046238
0.0080182
0.0097632
0.0079965
0.0091618
0.0079816
0.0088431
0.007948
0.0093687
0.0074629
0.010218
0.011097
0.0098005
0.01016
0.010906
0.0092449
0.012588
0.007958
0.0099622
0.012176
0.011223
0.0089163
0.010398
0.0096151
0.012618
0.0082516
0.010148
0.012435
0.0092296
0.011671
0.010771
0.0075644
0.0082439
0.0063878
0.0044918
0.0056816
0.0082476
0.0058227
0.0079908
0.0084305
0.0051278
0.0082828
0.0058247
0.0069595
0.0045859
0.0055122
0.0043488
0.0093021
0.0057959
0.0037858
0.0064192
0.0063703
0.0043569
0.0044287
0.0034862
0.0039747
0.004391
0.0046378
0.0039812
0.0033866
0.0059493
0.007481
0.0068697
0.0071016
0.0063248
0.0069234
0.007576
0.0073745
0.006566
0.0042793
0.00801
0.0072321
0.0065629
0.0060018
0.0058509
0.0072747
0.0072776
0.0061901
0.0058281
0.0068809
0.0061581
0.0088026
0.0051023
0.0066811
0.0087231
0.0066847
0.0082101
0.0085349
0.0075793
0.0062578
0.0067933
0.0059225
0.0066704
0.0078649
0.0077642
0.0084362
0.0061807
0.0064997
0.0051096
0.0095838
0.0096161
0.0059318
0.007174
0.0074023
0.0091686
0.0082818
0.012401
0.010119
0.0067098
0.010704
0.0082755
0.0091707
0.0095465
0.0086141
0.0095667
0.011114
0.009945
0.012498
0.010484
0.0093494
0.0053301
0.0057092
0.0083081
0.005102
0.0079163
0.0068714
0.0045408
0.007509
0.004638
0.0068519
0.0060284
0.0071673
0.0073595
0.0065522
0.0045223
0.0059602
0.0080582
0.0061636
0.0037017
0.0041822
0.0023884
0.0042874
0.0043297
0.006616
0.005311
0.0060453
0.0087562
0.0064653
0.0086579
0.0080636
0.01157
0.0081207
0.0081627
0.0050692
0.012161
0.0048547
0.0050923
0.0060811
0.0039937
0.0045538
0.0068478
0.0046714
0.0039969
0.0079472
0.0063655
0.0067045
0.0070591
0.0033218
0.003635
0.006324
0.0038608
0.0061369
0.0042674
0.0031187
0.00322
0.0032323
0.0034695
0.0052637
0.0046583
0.0061916
0.005416
0.0048636
0.0083785
0.0090236
0.0080668
0.0085177
0.0093349
0.0073573
0.0095779
0.010452
0.0092424
0.0096707
0.0085521
0.010244
0.0080196
0.0083029
0.013535
0.0089325
0.010218
0.0094653
0.011289
0.010334
0.0091443
0.0098641
0.0093373
0.010658
0.0094958
0.0096651
0.010994
0.010957
0.010234
0.010396
0.0088595
0.008752
0.010452
0.012565
0.014438
0.0087105
0.0099085
0.011726
0.012219
0.0064851
0.0087737
0.0091339
0.0061482
0.0079942
0.009289
0.0084806
0.010053
0.0091899
0.010089
0.0096249
0.0061661
0.010889
0.0066238
0.0038218
0.006964
0.0050833
0.0046159
0.0066245
0.004652
0.0066703
0.007003
0.0070394
0.0059446
0.007658
0.017706
0.0060193
0.0091307
0.008035
0.0076978
0.0091531
0.0088109
0.0065643
0.007654
0.0072897
0.0071049
0.014724
0.017716
0.011373
0.011102
0.010423
0.010176
0.011615
0.013238
0.012515
0.0093234
0.010093
0.010287
0.00874
0.010015
0.010284
0.0085697
0.01148
0.010492
0.01127
0.0097185
0.012196
0.012316
0.011763
0.013159
0.01366
0.013084
0.012239
0.010063
0.014495
0.014447
0.0095667
0.010088
0.011025
0.011587
0.013206
0.012355
0.01452
0.0073562
0.0092403
0.013768
0.0063628
0.0068051
0.0065327
0.0070792
0.0061384
0.0091656
0.0065756
0.0079181
0.0092234
0.0069892
0.0078523
0.0072419
0.0077895
0.0082825
0.0081157
0.008905
0.01052
0.0079862
0.0081475
0.0077536
0.0082116
0.0075066
0.0063094
0.0078758
0.0069015
0.0076069
0.00722
0.00549
0.0073684
0.0082574
0.0064687
0.0079329
0.0081433
0.0068963
0.0084203
0.0088123
0.0062505
0.0093376
0.011416
0.0085602
0.0075868
0.0070473
0.007619
0.0085396
0.0075132
0.0086475
0.0078108
0.0070454
0.0077673
0.0061004
0.0067741
0.0059609
0.0072613
0.00732
0.0072013
0.0051868
0.0053824
0.0059595
0.0079227
0.0055477
0.0075022
0.010361
0.010283
0.0069282
0.006857
0.0072779
0.0057784
0.0066757
0.0087933
0.0068424
0.0068113
0.015467
0.0075301
0.0089855
0.0096559
0.0078278
0.0083901
0.0084841
0.0076198
0.0067977
0.011213
0.008845
0.013794
0.0089791
0.008697
0.0078461
0.0098388
0.0089177
0.011798
0.0084446
0.0078964
0.01079
0.0066167
0.0059068
0.0066943
0.009162
0.0077347
0.0091847
0.0087718
0.0088122
0.009386
0.010454
0.0084766
0.010163
0.0086889
0.0089419
0.0095599
0.0092207
0.0068055
0.0093703
0.0066467
0.01023
0.0079967
0.0076517
0.011087
0.0066007
0.0091448
0.0078545
0.0060043
0.0076368
0.0086913
0.0083726
0.0048889
0.0072482
0.0070889
0.0043085
0.0070259
0.0058687
0.004255
0.0043637
0.0049586
0.0056773
0.0047696
0.0044085
0.0076413
0.0087772
0.0062136
0.0069562
0.0089378
0.0061477
0.011107
0.0057958
0.009633
0.0069271
0.0069548
0.0051673
0.005242
0.0047398
0.0042853
0.0047064
0.0051773
0.0044884
0.0044216
0.0046253
0.0046433
0.0078186
0.0032765
0.0053197
0.003276
0.0032999
0.0035333
0.0034995
0.0028505
0.0044766
0.0035072
0.0039329
0.003572
0.0098639
0.0086392
0.0075057
0.0085855
0.0085477
0.0081819
0.008331
0.0087147
0.010677
0.0066798
0.0096335
0.011628
0.0073108
0.012854
0.010805
0.010775
0.013232
0.012441
0.012338
0.0043743
0.0044225
0.0035651
0.0048044
0.0066079
0.002992
0.004436
0.0043273
0.0038543
0.0042078
0.0043992
0.0045455
0.0098431
0.0061749
0.01026
0.0093372
0.0056602
0.0064068
0.0046742
0.0042974
0.0045824
0.0052168
0.0032173
0.0043931
0.003877
0.0046918
0.0046183
0.0047926
0.0056848
0.0040395
0.0046535
0.0096021
0.006472
0.0072255
0.0030777
0.006481
0.0029467
0.0074139
0.0082142
0.010874
0.0083705
0.0049834
0.0027452
0.008561
0.0086705
0.0030684
0.0057278
0.0027226
0.0034014
0.0028307
0.00376
0.00372
0.011068
0.0031279
0.004365
0.0075208
0.0089197
0.010126
0.010007
0.011128
0.0091708
0.0099583
0.0077623
0.0094345
0.010159
0.010349
0.0099003
0.0065463
0.011719
0.010803
0.014373
0.0074477
0.0085133
0.015461
0.0092503
0.011112
0.009808
0.0081767
0.0077507
0.005922
0.0073821
0.0065903
0.0087009
0.0059976
0.0078809
0.0099505
0.010392
0.011875
0.0065712
0.010642
0.010508
0.0070671
0.0051652
0.0049794
0.005414
0.0048422
0.0079117
0.0056458
0.0067908
0.0067867
0.0075751
0.0083598
0.0079298
0.010295
0.0090107
0.010259
0.0091559
0.010479
0.013396
0.010149
0.01075
0.011276
0.010964
0.014029
0.01609
0.014546
0.01304
0.014474
0.0041287
0.0038596
0.0098191
0.0088282
0.014934
0.014276
0.0083922
0.0079006
0.012021
0.011253
0.013619
0.013676
0.012237
0.013769
0.011487
0.015866
0.016728
0.016356
0.014289
0.013478
0.013154
0.013271
0.014149
0.013218
0.015946
0.014135
0.015778
0.014543
0.015404
0.015217
0.014371
0.015372
0.01636
0.0084261
0.008662
0.0088521
0.0054752
0.006469
0.0062656
0.0077416
0.0061451
0.0075791
0.00633
0.0067239
0.0082959
0.0088763
0.0084995
0.0068639
0.0088471
0.0071991
0.0062283
0.0075635
0.0088535
0.0083156
0.0060654
0.0068562
0.0089265
0.011303
0.0089683
0.011019
0.010957
0.010662
0.0071475
0.0074668
0.0075604
0.0076881
0.010992
0.0079324
0.010768
0.009308
0.0047588
0.0041498
0.0092582
0.0083499
0.00777
0.0068553
0.010486
0.0097835
0.0090763
0.0072853
0.0062709
0.0098199
0.0047733
0.0073355
0.0077497
0.0078969
0.007612
0.0057835
0.0090476
0.010845
0.0075062
0.0060802
0.005759
0.0074589
0.0062956
0.0088485
0.0084313
0.0079302
0.0077715
0.0079177
0.0059831
0.0085761
0.007667
0.006954
0.0075687
0.017943
0.0085281
0.0084308
0.0061861
0.011479
0.0087571
0.0079863
0.0055715
0.0079366
0.0074678
0.009587
0.0099056
0.0075168
0.0085385
0.0083211
0.0077415
0.011084
0.011588
0.0085375
0.012899
0.011161
0.010039
0.010544
0.020211
0.012468
0.018256
0.007454
0.0072723
0.0093184
0.012506
0.010054
0.011131
0.0091028
0.0096311
0.01098
0.011225
0.0096138
0.0107
0.010699
0.010924
0.01009
0.0095265
0.0077848
0.0075389
0.0084491
0.0082409
0.0091457
0.0064427
0.0068185
0.0052572
0.0073465
0.0065977
0.0058841
0.0055912
0.018868
0.0070678
0.0070595
0.00569
0.0043326
0.0066259
0.0064302
0.0050358
0.0052643
0.0038663
0.0099978
0.0075186
0.0050201
0.013438
0.018139
0.014206
0.013053
0.0084578
0.015831
0.014913
0.017808
0.012714
0.018225
0.012027
0.012688
0.012445
0.012323
0.011804
0.010958
0.0051246
0.0041606
0.0073605
0.0047415
0.0070832
0.0071212
0.0052824
0.007405
0.0082547
0.013982
0.012774
0.010794
0.011494
0.014015
0.013148
0.014036
0.016859
0.012242
0.012946
0.015381
0.011516
0.009928
0.010949
0.012627
0.010362
0.011527
0.014959
0.0097768
0.0099125
0.01388
0.0086256
0.01583
0.011836
0.011986
0.01365
0.013269
0.014755
0.014959
0.015782
0.012837
0.016502
0.012272
0.012794
0.01213
0.013969
0.01274
0.018024
0.017315
0.011254
0.011726
0.012867
0.012025
0.012949
0.0074302
0.0081427
0.0076862
0.0060673
0.01021
0.010203
0.0090354
0.015959
0.016372
0.015226
0.015121
0.017469
0.017735
0.015282
0.018673
0.020496
0.022898
0.011396
0.014722
0.011917
0.015068
0.015952
0.012278
0.013015
0.015618
0.011265
0.01297
0.010852
0.010371
0.012347
0.011872
0.011797
0.01205
0.017202
0.018376
0.017856
0.016551
0.018441
0.015413
0.016462
0.016187
0.017596
0.015843
0.015814
0.016768
0.017749
0.018544
0.014259
0.010846
0.013728
0.012388
0.01014
0.018217
0.017206
0.01691
0.018157
0.016665
0.0176
0.015487
0.015771
0.017104
0.016229
0.016539
0.018168
0.016057
0.018018
0.017556
0.016033
0.015453
0.013303
0.016317
0.015132
0.01503
0.015082
0.01606
0.017279
0.018251
0.016912
0.017144
0.01643
0.015802
0.015626
0.016632
0.0031625
0.0035909
0.0037611
0.0034803
0.0033268
0.0035141
0.0041511
0.0052659
0.0053755
0.0068507
0.006265
0.0066208
0.0064125
0.0076107
0.0067217
0.0066101
0.0059569
0.0065051
0.0047819
0.003595
0.0046948
0.0030788
0.0025345
0.0050773
0.0019836
0.0042344
0.0030291
0.0040433
0.0029846
0.0072844
0.0039646
0.0032142
0.0051404
0.0071578
0.0071912
0.0046315
0.0064191
0.0077191
0.0053516
0.0075936
0.004497
0.0072056
0.0076004
0.0092272
0.0086557
0.0089666
0.0084922
0.008638
0.010383
0.010953
0.011007
0.0094291
0.0074516
0.0067389
0.0073289
0.0071976
0.011608
0.011601
0.016276
0.0067786
0.0087595
0.0082809
0.0078242
0.0091742
0.0084911
0.011841
0.007788
0.009177
0.012074
0.0095565
0.012247
0.011639
0.011565
0.012981
0.011573
0.012704
0.0094689
0.0095802
0.010455
0.012136
0.01112
0.010866
0.010211
0.01266
0.011028
0.010287
0.011019
0.011841
0.0094761
0.0088113
0.0096691
0.0072043
0.007974
0.011613
0.0091214
0.0084475
0.0098235
0.0080267
0.010983
0.0098161
0.0083689
0.00968
0.0073128
0.0091819
0.0079117
0.010357
0.010205
0.01026
0.00767
0.01009
0.0094326
0.0071573
0.0083764
0.010316
0.0088721
0.0095678
0.010489
0.0099225
0.010321
0.0095685
0.008704
0.0084109
0.0089548
0.0081543
0.0081621
0.0082236
0.0074166
0.0081737
0.007994
0.015906
0.014186
0.014288
0.013273
0.013453
0.010921
0.010937
0.01196
0.006657
0.0062446
0.0067164
0.0066516
0.0053299
0.0048028
0.0086687
0.0060572
0.0065674
0.0050261
0.0059709
0.0078427
0.0065869
0.0053901
0.0069837
0.0064818
0.0072144
0.0063727
0.0060139
0.0084379
0.0074886
0.0089297
0.0087049
0.004314
0.0037191
0.0081809
0.0098342
0.0052492
0.0049314
0.0060136
0.0069953
0.0082611
0.0070211
0.0093225
0.0085944
0.012437
0.010267
0.0084993
0.011566
0.010202
0.014331
0.013503
0.017905
0.016619
0.017291
0.014969
0.010923
0.01044
0.0099115
0.010462
0.011237
0.011934
0.00662
0.006775
0.0091176
0.0079364
0.008361
0.0075916
0.0066169
0.016128
0.018597
0.015208
0.015663
0.014701
0.013181
0.014694
0.012862
0.010193
0.011839
0.010105
0.010857
0.0115
0.015588
0.010432
0.010621
0.012654
0.010936
0.0088104
0.012432
0.010459
0.011413
0.011116
0.01181
0.010158
0.0092047
0.010327
0.0098536
0.010147
0.015428
0.015505
0.013985
0.01369
0.014275
0.013206
0.015631
0.014384
0.015487
0.014316
0.015607
0.017621
0.018023
0.018487
0.018526
0.020612
0.022163
0.017945
0.019707
0.014554
0.019626
0.014016
0.013356
0.017985
0.015897
0.016274
0.020306
0.017038
0.019506
0.018652
0.018247
0.017734
0.018501
0.018984
0.014286
0.014385
0.011785
0.010499
0.011177
0.011082
0.012078
0.014765
0.01719
0.013179
0.014555
0.013498
0.015831
0.014267
0.01135
0.011188
0.011194
0.0089731
0.0095536
0.0092919
0.011308
0.010517
0.0088917
0.0094443
0.010839
0.012782
0.012722
0.013317
0.013446
0.011755
0.012123
0.011458
0.014119
0.011067
0.017344
0.017354
0.015672
0.017685
0.01486
0.016749
0.01599
0.013354
0.015363
0.014406
0.012395
0.012278
0.012315
0.013552
0.012786
0.010176
0.011161
0.010767
0.018759
0.018293
0.016569
0.016377
0.015574
0.013718
0.014551
0.01467
0.015082
0.014563
0.012552
0.011609
0.011871
0.013165
0.012813
0.011757
0.010909
0.012889
0.010949
0.013407
0.012919
0.013541
0.0096553
0.010731
0.017581
0.0114
0.011864
0.01006
0.011364
0.014095
0.012483
0.015126
0.014298
0.012411
0.015217
0.01385
0.015457
0.013675
0.014382
0.012803
0.015009
0.014939
0.015313
0.014511
0.013968
0.013515
0.010851
0.013702
0.015227
0.017278
0.013954
0.014414
0.016616
0.015192
0.017241
0.017454
0.0087006
0.0087978
0.011863
0.010373
0.011488
0.013258
0.017015
0.017752
0.017264
0.017841
0.013464
0.015678
0.015161
0.017908
0.014827
0.016356
0.01741
0.012183
0.0099417
0.011048
0.011592
0.011231
0.011942
0.011969
0.011414
0.011895
0.01571
0.014591
0.014305
0.016197
0.016793
0.017416
0.016863
0.015571
0.01799
0.020149
0.012159
0.013822
0.013988
0.012478
0.013852
0.014965
0.013901
0.014945
0.017718
0.016804
0.017725
0.014172
0.015034
0.015268
0.015785
0.015907
0.0079444
0.0018854
0.00092421
0.0033717
0.0029585
0.0022335
0.0060744
0.0028611
0.0022741
0.0092114
0.012087
0.0088622
0.013493
0.011837
0.0028342
0.0026321
0.003323
0.0047446
0.0030367
0.0032946
0.0049124
0.0033013
0.0030008
0.0031652
0.0056037
0.0049925
0.0034409
0.0048765
0.0056184
0.0059336
0.0063268
0.0048238
0.0038399
0.003888
0.0037183
0.0033614
0.0062765
0.0089388
0.012132
0.012019
0.009779
0.0083777
0.014462
0.01439
0.017558
0.016657
0.015872
0.0099926
0.0068591
0.011932
0.016601
0.0096659
0.011535
0.012013
0.0090049
0.011564
0.0049098
0.0052264
0.0064781
0.014271
0.013575
0.00871
0.010757
0.014234
0.011112
0.010408
0.011518
0.01059
0.010371
0.0099528
0.010525
0.013884
0.011864
0.010997
0.0084247
0.0070125
0.0083429
0.0077854
0.0070297
0.0081831
0.0069166
0.007764
0.0062194
0.0076216
0.0075917
0.0076825
0.0080442
0.0079248
0.007142
0.0063301
0.0058638
0.0069931
0.0055537
0.0093361
0.0082184
0.0077256
0.0070252
0.0069043
0.0097661
0.005985
0.0076599
0.011344
0.010304
0.011266
0.012588
0.01178
0.011195
0.013238
0.011603
0.014671
0.015069
0.012979
0.012229
0.01622
0.011178
0.014122
0.013053
0.015489
0.010499
0.0070574
0.007165
0.0073726
0.0078342
0.0076995
0.0066013
0.0080025
0.0076904
0.0066617
0.0067364
0.0058639
0.005896
0.0080602
0.0078497
0.0064535
0.0056619
0.0092847
0.0080392
0.0084052
0.0077355
0.0067348
0.006478
0.0098052
0.0044834
0.0078702
0.0059257
0.0071109
0.0060636
0.006962
0.0073598
0.0080675
0.0083779
0.00876
0.0089823
0.0095972
0.0093017
0.0095617
0.0085942
0.0092876
0.010127
0.012863
0.012602
0.011508
0.01049
0.0063143
0.011215
0.010666
0.0094265
0.0063987
0.0052009
0.0067961
0.0070662
0.0065347
0.0066308
0.0068134
0.0061393
0.0074144
0.0064026
0.0074269
0.0086451
0.0065527
0.0091669
0.011286
0.01227
0.012297
0.013657
0.016791
0.020875
0.0139
0.011726
0.010583
0.01017
0.014064
0.012403
0.0078457
0.0095435
0.01017
0.0091689
0.0084151
0.0093094
0.020536
0.014107
0.015972
0.0126
0.014467
0.012794
0.010993
0.013419
0.012107
0.01378
0.012565
0.012844
0.013199
0.012754
0.0094436
0.0094331
0.0099689
0.010093
0.010169
0.0087507
0.010581
0.010446
0.013001
0.012435
0.011289
0.010624
0.0093466
0.010702
0.01321
0.01424
0.01366
0.013136
0.016132
0.01366
0.012226
0.013442
0.01134
0.014433
0.013623
0.011414
0.011486
0.013325
0.012299
0.010678
0.012188
0.015506
0.010832
0.013339
0.014891
0.015515
0.017708
0.015577
0.01492
0.014047
0.011135
0.015776
0.015083
0.010401
0.010375
0.010432
0.012922
0.010695
0.011726
0.011763
0.01311
0.011188
0.012119
0.014086
0.0090901
0.013966
0.011509
0.011866
0.0093211
0.010106
0.009779
0.0098711
0.0097497
0.011328
0.009122
0.0084093
0.012062
0.0088459
0.012684
0.012118
0.012977
0.011974
0.010732
0.018775
0.013474
0.012925
0.012976
0.013556
0.017983
0.013484
0.013462
0.014263
0.017104
0.015575
0.014524
0.018428
0.016514
0.01648
0.021682
0.017969
0.022901
0.020859
0.019858
0.023399
0.024502
0.013388
0.016523
0.013685
0.01826
0.01747
0.017554
0.019843
0.01585
0.015643
0.0072615
0.0034444
0.0054061
0.0068956
0.0075427
0.0085055
0.010648
0.0092925
0.0084242
0.0033826
0.0065538
0.01019
0.0088082
0.010575
0.0072164
0.006093
0.0069654
0.0075619
0.0050553
0.01171
0.014734
0.011939
0.010437
0.015006
0.017162
0.017258
0.01601
0.016414
0.016729
0.017284
0.0082714
0.0087918
0.011499
0.0089987
0.0074161
0.013827
0.011215
0.017317
0.018313
0.018925
0.019033
0.018405
0.018744
0.019961
0.018295
0.019502
0.017073
0.016188
0.0159
0.018275
0.011391
0.018185
0.017577
0.014045
0.010548
0.01429
0.010178
0.012348
0.013637
0.017473
0.017576
0.012184
0.015569
0.014041
0.01513
0.012585
0.010258
0.016162
0.01262
0.0097581
0.014519
0.0093481
0.010021
0.013735
0.011333
0.013606
0.014173
0.012785
0.0069543
0.0091445
0.0095799
0.0024537
0.0073397
0.0049075
0.0024669
0.0065976
0.005412
0.0063071
0.0061404
0.0045721
0.0078722
0.012323
0.0073426
0.010023
0.012695
0.0056607
0.0044377
0.0059194
0.0050387
0.0064637
0.011902
0.006938
0.012345
0.0097562
0.0071475
0.013853
0.012587
0.013241
0.0097851
0.013347
0.012826
0.01483
0.011795
0.013563
0.016598
0.016415
0.014522
0.01504
0.01687
0.015213
0.013492
0.018307
0.0081883
0.013255
0.0093811
0.013012
0.01725
0.017105
0.016739
0.013171
0.019381
0.017218
0.020972
0.013986
0.011455
0.019652
0.014378
0.015789
0.018831
0.0087097
0.017498
0.011016
0.021983
0.015792
0.015714
0.010414
0.015281
0.021522
0.011873
0.015554
0.012127
0.014169
0.019254
0.016895
0.023332
0.02104
0.0093891
0.015944
0.017391
0.016541
0.017286
0.019076
0.016161
0.021625
0.019441
0.017198
0.019266
0.015703
0.012616
0.015946
0.011366
0.012422
0.011267
0.008678
0.011471
0.0094004
0.0099295
0.010904
0.01072
0.010367
0.011979
0.010936
0.011141
0.011977
0.015842
0.0171
0.016922
0.016923
0.016566
0.015293
0.013715
0.017006
0.01854
0.018117
0.012135
0.01205
0.013064
0.0054306
0.0053896
0.0054574
0.0065591
0.0056231
0.012683
0.012507
0.0064859
0.0084498
0.0098868
0.011179
0.007499
0.0075834
0.010866
0.0072636
0.011291
0.0080892
0.0070057
0.0088814
0.011416
0.012399
0.0092247
0.01247
0.0094543
0.0081373
0.013666
0.011958
0.012111
0.011854
0.013213
0.010863
0.0090737
0.0092537
0.010425
0.011485
0.0096126
0.012919
0.0095164
0.014178
0.010028
0.010446
0.0088405
0.0089023
0.013408
0.012038
0.010306
0.01284
0.01171
0.013654
0.014476
0.01452
0.013497
0.0164
0.0056742
0.0056235
0.0051922
0.0049564
0.0054063
0.0052577
0.0046778
0.0049059
0.0045926
0.0044646
0.0063902
0.004509
0.0063227
0.0050236
0.0051984
0.0051684
0.0050851
0.0052696
0.0089527
0.0067602
0.0069299
0.0058735
0.0078638
0.0068421
0.0060525
0.0067304
0.0076428
0.0078438
0.008105
0.0091251
0.0058477
0.011853
0.011194
0.0087963
0.0088117
0.010249
0.009977
0.010083
0.01213
0.015289
0.011825
0.013405
0.012056
0.0048106
0.0067028
0.0067103
0.0083365
0.0041702
0.0099137
0.0078072
0.0096483
0.0059573
0.0081523
0.0074304
0.011319
0.010158
0.0085352
0.0086079
0.0081852
0.0090972
0.0093625
0.010796
0.0074075
0.0094119
0.0077367
0.0079134
0.010123
0.0077174
0.010624
0.0092585
0.0072432
0.013507
0.009494
0.01045
0.010761
0.0098071
0.013893
0.013593
0.012287
0.0093453
0.012068
0.0095815
0.011959
0.0091813
0.010795
0.012286
0.011999
0.011271
0.0093196
0.011638
0.010213
0.0086903
0.013676
0.0096896
0.013624
0.013004
0.016838
0.012727
0.015102
0.014034
0.016362
0.011771
0.015452
0.019897
0.013296
0.012601
0.010809
0.0095332
0.012067
0.010855
0.011199
0.012027
0.014408
0.014276
0.011025
0.011115
0.013454
0.009684
0.010867
0.0099619
0.013393
0.011517
0.012792
0.011272
0.012054
0.011384
0.011056
0.011963
0.011028
0.011503
0.010726
0.011971
0.011271
0.01281
0.010252
0.010731
0.011645
0.013062
0.013463
0.013639
0.015708
0.0098954
0.010997
0.011579
0.014685
0.012434
0.014582
0.014125
0.0095244
0.012071
0.011972
0.010636
0.012124
0.011269
0.012272
0.01026
0.011768
0.012696
0.013299
0.019598
0.017673
0.019042
0.018838
0.020003
0.020564
0.016099
0.018883
0.015767
0.019008
0.017842
0.018944
0.019099
0.018373
0.015084
0.0167
0.017644
0.016286
0.013459
0.010486
0.016159
0.01516
0.014487
0.012716
0.014527
0.015083
0.015595
0.008524
0.011771
0.011158
0.011992
0.012782
0.014075
0.015473
0.016717
0.020413
0.018712
0.019063
0.021166
0.019734
0.022131
0.021124
0.021966
0.021626
0.023686
0.020678
0.01866
0.020211
0.018843
0.020534
0.022796
0.019879
0.02319
0.026667
0.020602
0.024362
0.019823
0.020833
0.021997
0.023626
0.019292
0.019546
0.010861
0.011243
0.016339
0.014488
0.016872
0.015046
0.013779
0.01414
0.015275
0.010604
0.01041
0.010379
0.0090961
0.013218
0.0087569
0.0089626
0.013318
0.012661
0.011743
0.017853
0.010221
0.012484
0.0080177
0.01214
0.008099
0.0092207
0.0097453
0.0088212
0.010754
0.01013
0.012309
0.014735
0.017275
0.015701
0.012591
0.015774
0.012102
0.013559
0.012429
0.010877
0.011621
0.013233
0.0079714
0.013683
0.0084931
0.010116
0.014449
0.012962
0.011684
0.010063
0.0129
0.010403
0.0099618
0.0094999
0.0088534
0.0081495
0.01128
0.0066568
0.0060604
0.005815
0.0090845
0.0051848
0.0087971
0.00708
0.010747
0.007895
0.0080705
0.013094
0.0062281
0.0075534
0.0077311
0.0067495
0.005628
0.0081543
0.0055955
0.011574
0.0091602
0.010151
0.0075886
0.0066463
0.005613
0.0089224
0.0058956
0.013408
0.0071656
0.004999
0.0066338
0.007759
0.010059
0.012264
0.006958
0.0090053
0.01176
0.0091775
0.012956
0.0077071
0.012159
0.0054627
0.012736
0.01122
0.0097356
0.01081
0.0094322
0.010663
0.015904
0.012364
0.014116
0.013616
0.011062
0.012076
0.012372
0.010765
0.012601
0.011522
0.0084558
0.0082143
0.013969
0.011905
0.0088063
0.014934
0.012824
0.010811
0.011723
0.011881
0.012322
0.010622
0.0068552
0.007771
0.0080301
0.014142
0.011344
0.010376
0.012869
0.0080027
0.0090149
0.0092857
0.011067
0.0091204
0.0083774
0.0082634
0.012669
0.0071207
0.005888
0.0045619
0.006688
0.0080366
0.0057184
0.0093302
0.01054
0.0058516
0.0068332
0.0055462
0.0068906
0.0061642
0.0051665
0.0071185
0.0069152
0.0064612
0.0075737
0.012837
0.014231
0.011879
0.012452
0.012838
0.012906
0.011432
0.011288
0.011977
0.011353
0.0086556
0.0094403
0.0084792
0.010385
0.0093537
0.015026
0.012751
0.011097
0.015754
0.0079567
0.012349
0.014074
0.011515
0.011602
0.012482
0.017945
0.013074
0.012192
0.016426
0.015061
0.018067
0.0067559
0.015136
0.015352
0.007198
0.0052423
0.0061647
0.005179
0.0065844
0.0071106
0.00662
0.0069446
0.0084026
0.0064491
0.0079761
0.0072691
0.0074016
0.0074147
0.0075125
0.0085519
0.0096703
0.0086295
0.0095789
0.0074022
0.0093034
0.0080636
0.015495
0.01598
0.014296
0.014205
0.0084061
0.013181
0.013215
0.015957
0.012217
0.015376
0.012159
0.013794
0.013717
0.010261
0.012377
0.011865
0.010889
0.009044
0.010238
0.0080187
0.010502
0.013852
0.013808
0.017928
0.013465
0.01416
0.013961
0.0088456
0.013317
0.01004
0.010252
0.013747
0.016795
0.0084253
0.010364
0.0094059
0.0092163
0.0092451
0.0095006
0.010201
0.011117
0.010637
0.012336
0.013615
0.01278
0.013676
0.0093168
0.010523
0.0098542
0.012228
0.0088687
0.014152
0.010111
0.0094504
0.011373
0.013222
0.013371
0.01152
0.01174
0.011439
0.010547
0.010739
0.010141
0.011075
0.013565
0.013532
0.014246
0.012857
0.010144
0.013993
0.010206
0.016783
0.012937
0.0093324
0.010927
0.013013
0.011528
0.011521
0.010405
0.011617
0.011555
0.011074
0.012939
0.012303
0.0098527
0.010751
0.013861
0.012213
0.0099521
0.010479
0.011191
0.012526
0.011626
0.011348
0.013292
0.011363
0.013456
0.011608
0.012849
0.014291
0.011312
0.014913
0.012886
0.014042
0.014262
0.013553
0.012488
0.011581
0.011769
0.010051
0.013038
0.011941
0.007798
0.0079873
0.0089428
0.0083598
0.0098579
0.01081
0.012288
0.0094774
0.011347
0.0085914
0.012611
0.012463
0.012086
0.013692
0.012848
0.012413
0.014088
0.012347
0.012053
0.011805
0.01039
0.011425
0.01332
0.01126
0.010405
0.010503
0.012151
0.012241
0.012967
0.013778
0.013786
0.015615
0.018054
0.017582
0.014334
0.018423
0.021502
0.014686
0.014283
0.017508
0.015133
0.018801
0.017204
0.018197
0.019735
0.015095
0.013486
0.013827
0.0088437
0.013645
0.014672
0.010171
0.014499
0.012777
0.011145
0.0094197
0.012536
0.010542
0.012726
0.011276
0.014343
0.014483
0.013695
0.01614
0.014656
0.015027
0.015581
0.015722
0.016294
0.016556
0.015933
0.013656
0.013644
0.015649
0.014221
0.0176
0.018576
0.020391
0.020135
0.02024
0.022162
0.013193
0.018555
0.024228
0.018962
0.021144
0.020514
0.020132
0.013419
0.014126
0.015722
0.014975
0.013643
0.014576
0.01466
0.010391
0.010967
0.0089532
0.009948
0.0099325
0.010576
0.010392
0.010231
0.0091133
0.0084834
0.0078184
0.0075197
0.010679
0.0084314
0.010529
0.0095556
0.007709
0.008102
0.008182
0.0064935
0.0064954
0.0070471
0.01049
0.0068161
0.0096383
0.00971
0.0070145
0.01004
0.0096111
0.0092196
0.0092516
0.0060264
0.0077446
0.0098904
0.010736
0.0056889
0.0091078
0.0080256
0.0092086
0.010037
0.0053774
0.0052421
0.004494
0.0053654
0.0068749
0.0062511
0.0047752
0.0053755
0.0054663
0.0053011
0.0061207
0.0037804
0.0047721
0.0079522
0.012102
0.011239
0.012392
0.0098559
0.013019
0.010045
0.011468
0.011478
0.012449
0.010052
0.010078
0.0089647
0.012406
0.0090713
0.012073
0.0086882
0.0082245
0.011331
0.0076506
0.010637
0.010345
0.0047526
0.0034371
0.0058473
0.0047724
0.0054277
0.0033437
0.0046028
0.0048888
0.0045315
0.005839
0.0084398
0.0075511
0.0044424
0.0094615
0.005913
0.005896
0.0098752
0.0090878
0.0081197
0.0061422
0.006236
0.011946
0.0076035
0.0094851
0.010523
0.0075096
0.0078889
0.0063138
0.0079661
0.0095822
0.011245
0.013528
0.0091161
0.0098867
0.0075937
0.0072608
0.0080674
0.011177
0.0079964
0.0080647
0.0078429
0.0074086
0.013234
0.011681
0.0075853
0.01163
0.011291
0.009401
0.013447
0.013515
0.011947
0.012087
0.015154
0.013938
0.013257
0.011302
0.0066615
0.0079475
0.007948
0.0072016
0.0086583
0.0083397
0.0064229
0.0073748
0.016736
0.011418
0.014778
0.0076341
0.010678
0.012512
0.01221
0.013568
0.012649
0.011992
0.010087
0.012418
0.013129
0.013444
0.01053
0.012183
0.010427
0.012392
0.013824
0.013186
0.012918
0.010661
0.011954
0.012367
0.01358
0.011903
0.012946
0.012408
0.011739
0.011094
0.0093907
0.0081096
0.0063087
0.0080455
0.0076379
0.010683
0.0073391
0.0064677
0.0070525
0.0062347
0.013369
0.017117
0.011863
0.014796
0.013035
0.011213
0.010777
0.012533
0.0072737
0.014794
0.015462
0.012567
0.014974
0.012461
0.015416
0.016579
0.012649
0.016315
0.010889
0.013943
0.0092644
0.0086411
0.0091364
0.008464
0.0080368
0.014231
0.0076609
0.0099103
0.012381
0.0084979
0.014349
0.010318
0.011297
0.0085919
0.0094649
0.0086402
0.0089582
0.01116
0.009882
0.0084517
0.0072985
0.0078705
0.0098701
0.010363
0.0088451
0.013504
0.010148
0.011849
0.0097569
0.012648
0.013565
0.013619
0.013724
0.017374
0.008922
0.0098
0.010218
0.0098036
0.0081018
0.0090335
0.010748
0.0090751
0.0088063
0.010224
0.0080985
0.0093432
0.010448
0.0088912
0.0085475
0.0084006
0.0095583
0.0079747
0.0088236
0.0098913
0.011639
0.011904
0.010677
0.013078
0.017079
0.018715
0.017523
0.017221
0.01805
0.0098577
0.0096282
0.0077791
0.01108
0.012468
0.010351
0.010748
0.010615
0.0082735
0.010873
0.011471
0.011004
0.012278
0.012411
0.014249
0.014187
0.012555
0.012041
0.014539
0.014807
0.016199
0.01616
0.016505
0.017264
0.012613
0.01273
0.014193
0.016239
0.014239
0.015243
0.013724
0.014639
0.013546
0.011374
0.015596
0.011062
0.01268
0.016783
0.01733
0.019747
0.015224
0.014295
0.016128
0.014799
0.013889
0.010053
0.013223
0.0089511
0.014323
0.013733
0.014117
0.017239
0.013856
0.012828
0.014461
0.013772
0.014051
0.015898
0.015195
0.014957
0.013246
0.020303
0.015345
0.014626
0.018767
0.019738
0.018763
0.019009
0.019223
0.01971
0.02062
0.019913
0.013963
0.018585
0.022786
0.012947
0.01033
0.023423
0.017537
0.020184
0.011387
0.011927
0.009546
0.0096855
0.010549
0.011414
0.0085413
0.0085431
0.010924
0.0097811
0.010788
0.01213
0.011272
0.014143
0.01301
0.012633
0.010453
0.012508
0.013335
0.010675
0.013447
0.012865
0.012093
0.012777
0.011888
0.0086996
0.0093164
0.0094385
0.012047
0.01106
0.010871
0.010448
0.012656
0.012047
0.011255
0.0091324
0.011487
0.0084619
0.014463
0.012985
0.013182
0.010041
0.012983
0.012997
0.0099126
0.0091315
0.0097195
0.013067
0.0091619
0.012021
0.0093371
0.010715
0.010695
0.014176
0.0098442
0.0094093
0.01109
0.01164
0.0085482
0.011765
0.0081318
0.0087992
0.0080231
0.008836
0.0093032
0.0090722
0.010822
0.0072942
0.0083602
0.007198
0.010514
0.0086588
0.0063883
0.0086769
0.010975
0.0087616
0.0074964
0.01027
0.0098145
0.009411
0.0061166
0.0070636
0.0071612
0.0066708
0.0092069
0.0073148
0.0071515
0.0082876
0.0053144
0.0092121
0.0076809
0.0098195
0.00648
0.0082351
0.006583
0.0073812
0.009186
0.0089195
0.0080956
0.0059635
0.0082342
0.010131
0.0048643
0.0061105
0.0053385
0.0049476
0.0057647
0.004699
0.0047505
0.0041714
0.0054291
0.0066358
0.006676
0.0098356
0.0071559
0.0055932
0.0081985
0.0080257
0.0072385
0.0080824
0.0066529
0.009707
0.009909
0.0033779
0.0065087
0.0070896
0.0079813
0.0061362
0.0062336
0.0043753
0.0085754
0.010551
0.0063885
0.0059783
0.0074098
0.0082973
0.0070234
0.0090692
0.0092583
0.011135
0.0076384
0.0098734
0.0082467
0.0071967
0.0088453
0.0084893
0.0077588
0.0065561
0.0079903
0.0079632
0.0076976
0.0096905
0.010121
0.0080983
0.005689
0.010538
0.011009
0.0094543
0.0080954
0.008899
0.010411
0.0096062
0.0079335
0.01031
0.0077811
0.012525
0.011197
0.012713
0.010821
0.010073
0.01071
0.010662
0.010007
0.0093102
0.011922
0.0079874
0.0089824
0.0075599
0.0065166
0.00824
0.011513
0.0075299
0.0087375
0.00913
0.012326
0.0070751
0.0072505
0.012035
0.013941
0.012327
0.012567
0.014746
0.012675
0.011083
0.0086944
0.0078242
0.012375
0.012309
0.0063922
0.0086543
0.0088525
0.0064369
0.0071651
0.0085309
0.011133
0.0074949
0.007306
0.01101
0.0057602
0.007997
0.0074109
0.010288
0.0096304
0.0083719
0.012483
0.014254
0.010497
0.013898
0.018202
0.013632
0.0076039
0.009205
0.0092043
0.0065746
0.0086825
0.0062583
0.0074941
0.0081242
0.0074036
0.0077848
0.0086874
0.0074409
0.0079663
0.010589
0.0088352
0.015831
0.0123
0.017801
0.0087581
0.0067162
0.0078787
0.0081748
0.007292
0.0068688
0.0097911
0.0094175
0.010918
0.01019
0.011684
0.010548
0.01555
0.016811
0.012174
0.011116
0.010588
0.0096339
0.011045
0.014846
0.013876
0.01696
0.012837
0.016625
0.017856
0.01188
0.0084112
0.0068736
0.0095011
0.0091597
0.011929
0.0082881
0.013398
0.01897
0.014634
0.016448
0.015551
0.017866
0.013509
0.015215
0.014703
0.012255
0.01391
0.012602
0.010294
0.013779
0.014076
0.012632
0.012147
0.010635
0.01416
0.014465
0.0197
0.016078
0.014584
0.013911
0.0136
0.013277
0.012598
0.013179
0.015939
0.020283
0.011034
0.019802
0.016978
0.024721
0.016352
0.021258
0.017582
0.021584
0.024654
0.023985
0.023762
0.01802
0.021794
0.022272
0.017756
0.019042
0.017205
0.020636
0.013653
0.015669
0.011409
0.016413
0.013865
0.010279
0.0093255
0.015707
0.011941
0.010025
0.0144
0.0095404
0.028576
0.025914
0.02582
0.021842
0.020633
0.020087
0.02138
0.021036
0.020623
0.017093
0.022086
0.027514
0.024084
0.027518
0.016647
0.02779
0.024372
0.029529
0.020393
0.024804
0.02011
0.022154
0.02031
0.016389
0.013894
0.019051
0.015855
0.01151
0.016338
0.017575
0.019223
0.014542
0.015149
0.014959
0.023959
0.018857
0.0259
0.018527
0.020667
0.012686
0.023903
0.012628
0.01879
0.01442
0.013103
0.011428
0.013098
0.011133
0.0096293
0.013108
0.010091
0.011791
0.0098763
0.011076
0.010118
0.0085139
0.0088106
0.012232
0.011796
0.010526
0.010801
0.0093632
0.0095768
0.0099425
0.011949
0.0087773
0.010214
0.0079114
0.018515
0.015961
0.023058
0.022013
0.019199
0.02017
0.019664
0.01919
0.018677
0.01602
0.016982
0.022788
0.016238
0.016611
0.01329
0.014127
0.010892
0.013339
0.013096
0.013327
0.011572
0.008398
0.0080058
0.011519
0.010521
0.010488
0.011235
0.013188
0.0090602
0.012577
0.012866
0.013632
0.015756
0.019577
0.015358
0.011628
0.013208
0.012258
0.010736
0.011008
0.012229
0.010554
0.011066
0.011201
0.0092817
0.011553
0.0081675
0.0091782
0.0083732
0.0088276
0.0076276
0.0096651
0.0067269
0.0069228
0.01116
0.011331
0.015329
0.0047009
0.0074748
0.017868
0.014504
0.011287
0.01426
0.010553
0.0087325
0.010061
0.0099657
0.0063446
0.0072641
0.006768
0.0043791
0.0073238
0.011474
0.011236
0.010948
0.01237
0.012033
0.010599
0.014212
0.010703
0.011379
0.013965
0.017301
0.014111
0.013211
0.0096369
0.013985
0.011323
0.011123
0.014367
0.011209
0.010971
0.0091918
0.004971
0.0091057
0.0061456
0.0084298
0.007272
0.01131
0.0073507
0.011061
0.010959
0.0078493
0.010728
0.015547
0.0078677
0.0080213
0.0087442
0.0066339
0.0062845
0.011744
0.0065522
0.010414
0.0057266
0.00617
0.0060048
0.0081745
0.0047654
0.0059653
0.0049906
0.0046819
0.0094412
0.007544
0.012644
0.010883
0.0124
0.010333
0.0096002
0.010092
0.012566
0.012208
0.0094006
0.012379
0.0096635
0.0075279
0.01727
0.013483
0.0099167
0.017084
0.0082626
0.018177
0.015218
0.0096353
0.010229
0.0090407
0.008926
0.0078992
0.007174
0.01352
0.013373
0.012718
0.0077116
0.011863
0.0038101
0.010216
0.0051303
0.0057272
0.0080863
0.0046487
0.0090096
0.0049921
0.0054284
0.018114
0.010099
0.016079
0.011644
0.015387
0.014725
0.01795
0.019943
0.018526
0.015112
0.013683
0.0208
0.019135
0.016479
0.019647
0.0079477
0.007138
0.0079298
0.0061927
0.0081393
0.0076667
0.0095222
0.0080145
0.0065399
0.0091397
0.012468
0.007436
0.0095692
0.0073842
0.0082449
0.0057446
0.0044379
0.0042423
0.0068831
0.0059423
0.0054285
0.0071743
0.0080144
0.0061714
0.0068768
0.0074205
0.0065448
0.0050305
0.0074941
0.0068778
0.0081792
0.0084084
0.0053294
0.0049167
0.0051233
0.005209
0.0052609
0.0046875
0.0044009
0.0044311
0.0054077
0.0043538
0.0048384
0.0072885
0.0059375
0.0061497
0.0052616
0.0071365
0.007277
0.0062569
0.0069352
0.0074585
0.0065314
0.0099152
0.0064922
0.0072851
0.0088226
0.0085022
0.0095283
0.010551
0.0056978
0.009013
0.0099013
0.013072
0.0099257
0.010282
0.0085435
0.0076001
0.01591
0.013113
0.0091048
0.013742
0.014408
0.0060892
0.010599
0.012825
0.013564
0.0095843
0.014651
0.0066488
0.0055793
0.010475
0.01307
0.014067
0.011124
0.016746
0.0052164
0.0044261
0.0034598
0.004385
0.0034223
0.0038361
0.0066737
0.0054831
0.0069311
0.0028307
0.0050284
0.0063708
0.0061029
0.010039
0.0083965
0.01202
0.0096849
0.0075816
0.0085147
0.013072
0.012966
0.013898
0.012007
0.00879
0.0050315
0.0053321
0.0079204
0.0056781
0.0048069
0.0082785
0.007167
0.0052419
0.0079964
0.0071409
0.0064305
0.0059824
0.0070405
0.0082016
0.0060466
0.0061587
0.011575
0.0086406
0.0072802
0.0081385
0.0096362
0.0097868
0.0070707
0.0068593
0.0068761
0.006751
0.0084968
0.0073439
0.0078336
0.0065524
0.0054676
0.0081026
0.006075
0.0090625
0.0063908
0.0083148
0.0086701
0.00744
0.0082701
0.0063479
0.0073642
0.0091305
0.0083384
0.0061653
0.010825
0.0098336
0.010866
0.0071197
0.0073557
0.010502
0.0092697
0.0070271
0.0071735
0.007072
0.0061002
0.0064887
0.0060893
0.0083362
0.0081066
0.010613
0.0098598
0.012895
0.010093
0.018403
0.019907
0.0093637
0.0084806
0.0094932
0.01123
0.0082111
0.015267
0.012487
0.011735
0.0076175
0.013947
0.011441
0.0094598
0.0094004
0.011802
0.0080005
0.0090188
0.0078608
0.006774
0.0071923
0.007456
0.0068188
0.01234
0.008609
0.0072423
0.01168
0.011707
0.011237
0.008007
0.0099527
0.012377
0.015232
0.018581
0.02087
0.019423
0.0201
0.017539
0.018762
0.01922
0.016028
0.018641
0.017719
0.012427
0.015857
0.013649
0.011718
0.012831
0.011746
0.0083496
0.0079029
0.01069
0.0067474
0.0092304
0.0077094
0.010128
0.0091148
0.0082979
0.0095643
0.010405
0.010953
0.012557
0.0093398
0.011927
0.0072874
0.012021
0.010179
0.013094
0.011499
0.025067
0.013812
0.012662
0.023309
0.010283
0.023746
0.027446
0.020273
0.028131
0.0289
0.015907
0.028193
0.018677
0.023094
0.029322
0.02707
0.027197
0.032319
0.032012
0.024026
0.0062425
0.030528
0.026154
0.027533
0.021757
0.028134
0.01666
0.013786
0.011953
0.012778
0.015026
0.016569
0.0059491
0.019287
0.018618
0.022601
0.01996
0.014337
0.02258
0.016503
0.020579
0.021015
0.022079
0.013618
0.022771
0.021536
0.0141
0.010628
0.011054
0.015908
0.0098394
0.013593
0.025112
0.023819
0.020649
0.021748
0.022596
0.026124
0.022735
0.026982
0.020326
0.024802
0.027971
0.022587
0.025653
0.02416
0.025501
0.024405
0.021604
0.02329
0.018325
0.016798
0.021065
0.012534
0.017974
0.022513
0.011677
0.007852
0.0095123
0.0064201
0.020085
0.0071813
0.012371
0.021884
0.011149
0.018139
0.010132
0.019534
0.019403
0.015248
0.017805
0.0099232
0.014278
0.012615
0.018809
0.0083168
0.013674
0.015251
0.01649
0.0086706
0.010005
0.0084442
0.0098177
0.0076687
0.0066188
0.01215
0.019137
0.0085425
0.016871
0.015706
0.015336
0.016887
0.02157
0.019898
0.017367
0.013487
0.012525
0.021849
0.0071407
0.027468
0.021191
0.029059
0.017428
0.015478
0.0097491
0.021447
0.014837
0.014359
0.015253
0.012718
0.015455
0.0069751
0.0082673
0.021507
0.015981
0.018003
0.018136
0.017346
0.014814
0.011296
0.0082965
0.0075421
0.0080749
0.0055054
0.0063947
0.0054451
0.004381
0.014049
0.011337
0.011685
0.011577
0.013009
0.011373
0.012344
0.012668
0.013274
0.01377
0.01494
0.011359
0.011328
0.013401
0.01029
0.010326
0.0096858
0.011366
0.010431
0.012947
0.013144
0.012318
0.011147
0.016633
0.0062794
0.0057228
0.020815
0.020918
0.010822
0.01691
0.023559
0.01031
0.010558
0.0092773
0.015683
0.011378
0.012776
0.0092488
0.02091
0.014297
0.013417
0.015233
0.011818
0.013232
0.012728
0.01035
0.01299
0.0042775
0.0051892
0.0052778
0.012958
0.012134
0.013188
0.013866
0.011838
0.010316
0.013228
0.011461
0.01722
0.014741
0.019079
0.015305
0.017991
0.015828
0.017323
0.015267
0.005437
0.0075869
0.0088817
0.008441
0.0037371
0.013742
0.01842
0.016635
0.0033108
0.01274
0.014378
0.0057401
0.0030009
0.0058572
0.013976
0.0040882
0.0049327
0.01551
0.0050379
0.0043662
0.010047
0.0030687
0.010888
0.010052
0.012155
0.011666
0.010937
0.0098287
0.012376
0.0099116
0.007975
0.0055258
0.0050246
0.017473
0.021533
0.014469
0.0090344
0.013457
0.019004
0.020299
0.016287
0.018944
0.015762
0.016517
0.018076
0.019345
0.018591
0.018962
0.017372
0.021127
0.012794
0.010802
0.01296
0.011825
0.010664
0.014075
0.01247
0.013846
0.015954
0.012639
0.0090952
0.0084314
0.0098401
0.011953
0.017152
0.012605
0.0040916
0.016039
0.0085349
0.020192
0.013399
0.013893
0.010916
0.017045
0.006377
0.0098236
0.0056155
0.0062787
0.0076872
0.0053796
0.005361
0.005747
0.0054771
0.0055235
0.0064065
0.0044809
0.0042496
0.0049307
0.005107
0.005245
0.017138
0.020779
0.021137
0.015368
0.013009
0.010544
0.014307
0.016633
0.013295
0.01355
0.013721
0.0092533
0.01599
0.012028
0.0073981
0.0092301
0.010074
0.011469
0.0099548
0.010047
0.0086815
0.0099614
0.010001
0.0069913
0.0065401
0.0084173
0.0079728
0.0081476
0.0067223
0.0071273
0.0066788
0.0081538
0.0097803
0.010956
0.0085016
0.010148
0.015663
0.0069513
0.0060488
0.0043822
0.0048017
0.0057189
0.0038764
0.007623
0.0061998
0.0072182
0.0062814
0.0048399
0.0071489
0.0080452
0.0083724
0.0079596
0.0071427
0.0070941
0.010988
0.0179
0.016934
0.0079805
0.012751
0.0078067
0.0075302
0.016522
0.018258
0.01469
0.016298
0.018414
0.015075
0.015347
0.017176
0.013718
0.0091164
0.010168
0.0047236
0.0065941
0.0045841
0.005955
0.0063965
0.0065008
0.0053097
0.0041734
0.0058632
0.0068468
0.0064454
0.0051614
0.0059114
0.0054746
0.0063859
0.0071469
0.0065786
0.0074107
0.011659
0.0084786
0.0078422
0.011624
0.0055376
0.0133
0.0084471
0.011417
0.009236
0.0071604
0.0089101
0.0079839
0.0062203
0.0091114
0.0094113
0.0085413
0.01052
0.010652
0.0088029
0.010043
0.011525
0.0091356
0.0065266
0.0073429
0.0085208
0.0052726
0.0099869
0.010005
0.0084803
0.0099521
0.0079321
0.0080317
0.0072728
0.0066196
0.0079348
0.007039
0.010416
0.019073
0.013592
0.012572
0.0094715
0.01694
0.016172
0.013844
0.010677
0.012694
0.01355
0.018123
0.015648
0.017811
0.017266
0.0069772
0.0063641
0.0070486
0.0066257
0.007485
0.010665
0.0089483
0.008334
0.0078729
0.0083365
0.0078563
0.0096178
0.0091023
0.016245
0.016357
0.018261
0.01483
0.019585
0.012732
0.012741
0.014653
0.013426
0.016935
0.0070738
0.0069889
0.008485
0.0067952
0.0070792
0.007598
0.012928
0.0095399
0.0094219
0.0082176
0.011432
0.012301
0.019082
0.012196
0.014635
0.011227
0.016423
0.010193
0.017434
0.016663
0.015065
0.018091
0.020893
0.027789
0.021799
0.034485
0.032217
0.027525
0.02043
0.031601
0.031524
0.031639
0.031284
0.025494
0.031788
0.0098003
0.013113
0.014885
0.023699
0.019161
0.019394
0.021796
0.021517
0.010091
0.013518
0.015301
0.010997
0.012445
0.011575
0.014648
0.0085027
0.012466
0.015511
0.0091646
0.0063026
0.0080581
0.0085758
0.011928
0.012784
0.0095004
0.0059592
0.0079322
0.014841
0.0054759
0.016086
0.013301
0.014853
0.01713
0.014595
0.024195
0.020272
0.01172
0.012923
0.014047
0.011947
0.014019
0.011939
0.012639
0.012906
0.011881
0.010302
0.012612
0.015066
0.013511
0.01112
0.0062316
0.0093878
0.0067335
0.0094709
0.0080191
0.0098863
0.0079555
0.0075106
0.0041324
0.0055511
0.0071811
0.0063072
0.012966
0.012421
0.015353
0.011871
0.016218
0.0078319
0.013896
0.018142
0.011669
0.019431
0.020001
0.01499
0.013324
0.011389
0.016572
0.011672
0.011628
0.01272
0.012229
0.010299
0.013517
0.011613
0.0092205
0.010027
0.010977
0.01152
0.0060322
0.0077993
0.0080427
0.0070125
0.0086735
0.010397
0.0096526
0.011728
0.0099303
0.0088825
0.010474
0.010388
0.017354
0.013525
0.017003
0.015591
0.017141
0.017407
0.015601
0.01299
0.017441
0.011768
0.013921
0.012647
0.014919
0.0098372
0.022826
0.014769
0.016246
0.012711
0.0091276
0.0086247
0.0081743
0.0085248
0.0074273
0.0070346
0.0071973
0.0081866
0.0084301
0.0073386
0.0044333
0.0074145
0.0071436
0.005013
0.0056219
0.011019
0.013408
0.016196
0.021149
0.010066
0.017638
0.014334
0.0090773
0.0091912
0.0086399
0.013621
0.0078909
0.010867
0.014451
0.016576
0.012267
0.027776
0.024413
0.016258
0.026434
0.010897
0.026867
0.021484
0.0047847
0.0052135
0.008086
0.0063175
0.0063002
0.007224
0.0092971
0.0053626
0.0064187
0.00637
0.0068743
0.0065162
0.0062255
0.0057876
0.0063975
0.0075353
0.0088952
0.0064274
0.0090171
0.0076391
0.0079148
0.0072926
0.0095607
0.023529
0.030048
0.018401
0.0084753
0.0083627
0.0087305
0.0093114
0.033298
0.027479
0.018232
0.025588
0.02569
0.0205
0.023389
0.017981
0.026563
0.023958
0.019526
0.022972
0.020012
0.015208
0.02035
0.007039
0.0056075
0.0070047
0.0062379
0.0057206
0.0068349
0.0061398
0.0073316
0.0056994
0.010458
0.0063573
0.0073304
0.0082941
0.0075828
0.0069597
0.0083683
0.0062793
0.0095293
0.012419
0.0095834
0.0080481
0.0092118
0.0078464
0.019343
0.021391
0.019952
0.016763
0.019199
0.015006
0.014255
0.020523
0.01754
0.016831
0.013525
0.012134
0.017005
0.0096427
0.013823
0.012047
0.011324
0.0089439
0.0092941
0.011104
0.013805
0.012451
0.014853
0.014916
0.01186
0.016078
0.012253
0.013729
0.012255
0.013132
0.013272
0.012038
0.01308
0.012932
0.015393
0.010951
0.01307
0.015468
0.011057
0.017034
0.014949
0.0089673
0.011167
0.01048
0.0079054
0.012452
0.0077696
0.010343
0.0071192
0.0062764
0.010914
0.010011
0.010183
0.010416
0.0071712
0.0064579
0.010297
0.018283
0.018133
0.014772
0.012586
0.020321
0.017627
0.017847
0.015947
0.017629
0.015169
0.020519
0.018625
0.014221
0.017175
0.015787
0.018746
0.012252
0.019637
0.011307
0.010571
0.0068301
0.0094363
0.0047975
0.006631
0.0055287
0.0093147
0.013571
0.0086654
0.0089404
0.013076
0.012138
0.00972
0.014616
0.012978
0.0083683
0.014754
0.014075
0.013016
0.0094405
0.0098267
0.0087339
0.01916
0.017116
0.031742
0.016134
0.017075
0.011264
0.02154
0.017571
0.021886
0.031584
0.022115
0.031843
0.025141
0.010875
0.022756
0.030949
0.030275
0.026321
0.033008
0.032017
0.034439
0.03303
0.031384
0.036643
0.024872
0.030694
0.034161
0.0097821
0.0099472
0.010541
0.0091689
0.0089799
0.0079413
0.0097967
0.0095275
0.0093779
0.009985
0.0079369
0.010302
0.011931
0.0095338
0.0089381
0.0085093
0.010339
0.0071188
0.0073575
0.0089497
0.0091999
0.0070247
0.0081092
0.0077332
0.021188
0.022037
0.023496
0.021087
0.0093816
0.0090599
0.0085634
0.010888
0.011928
0.0078076
0.0072133
0.010666
0.0096293
0.0096046
0.010629
0.015795
0.024329
0.029284
0.025669
0.018659
0.018177
0.014206
0.01923
0.026552
0.016677
0.020686
0.013789
0.018323
0.01353
0.017652
0.021087
0.027953
0.021277
0.025148
0.025218
0.021238
0.026448
0.0088104
0.010134
0.013087
0.0098393
0.013029
0.012459
0.01197
0.012719
0.015522
0.011904
0.013601
0.010552
0.010975
0.017928
0.014369
0.015087
0.012861
0.014401
0.011945
0.011485
0.026068
0.02748
0.02396
0.021821
0.025269
0.019506
0.024971
0.020753
0.02024
0.01856
0.022381
0.021341
0.020587
0.021413
0.014254
0.020669
0.020924
0.013747
0.013915
0.014005
0.018032
0.010957
0.01732
0.016771
0.013977
0.015148
0.021293
0.021529
0.021832
0.012305
0.021008
0.013734
0.013575
0.014161
0.0088659
0.015988
0.017474
0.019267
0.012349
0.013033
0.016258
0.017754
0.015871
0.014048
0.015366
0.01215
0.012287
0.012647
0.014047
0.014458
0.0084214
0.017309
0.013919
0.014104
0.013807
0.015287
0.0095058
0.012333
0.015269
0.012262
0.015958
0.016129
0.01331
0.015881
0.017105
0.012363
0.020155
0.016308
0.019636
0.021964
0.023307
0.020108
0.017988
0.027649
0.018005
0.02792
0.031303
0.011089
0.009917
0.011637
0.0071835
0.0041792
0.0025577
0.0044656
0.0049631
0.028492
0.0070597
0.0086905
