8.13807e+04	3.60609e+03	3.47214e+01	8.84590e+05
2.67764e+04	1.06710e+03	8.07867e+00	2.86514e+05
2.59508e+04	9.74525e+02	6.01390e+00	2.75267e+05
2.48266e+04	9.64526e+02	5.38726e+00	2.63298e+05
2.46352e+04	9.79170e+02	5.23705e+00	2.61381e+05
2.45167e+04	9.98578e+02	5.20971e+00	2.60362e+05
2.43927e+04	1.01857e+03	5.21709e+00	2.59330e+05
2.42874e+04	1.03802e+03	5.25615e+00	2.58511e+05
2.41770e+04	1.05887e+03	5.30716e+00	2.57666e+05
2.41271e+04	1.07418e+03	5.35485e+00	2.57368e+05
2.17732e+04	2.21750e+02	3.61784e+00	2.23567e+05
2.12642e+04	3.44752e+02	3.61066e+00	2.19700e+05
2.06673e+04	4.07120e+02	3.52461e+00	2.14269e+05
2.04928e+04	4.46884e+02	3.51600e+00	2.12913e+05
1.98483e+04	4.68026e+02	3.45171e+00	2.06615e+05
1.97335e+04	4.90255e+02	3.49356e+00	2.05731e+05
1.91478e+04	5.02102e+02	3.46436e+00	1.99963e+05
1.90759e+04	5.17825e+02	3.51412e+00	1.99451e+05
1.89837e+04	5.30755e+02	3.56041e+00	1.98705e+05
1.89287e+04	5.44282e+02	3.61617e+00	1.98346e+05
1.75339e+04	1.19369e+02	2.38559e+00	1.78918e+05
1.74972e+04	1.89735e+02	2.50442e+00	1.79374e+05
1.74499e+04	2.23982e+02	2.53917e+00	1.79278e+05
1.73494e+04	2.44582e+02	2.56971e+00	1.78509e+05
1.72478e+04	2.62507e+02	2.61348e+00	1.77717e+05
1.71674e+04	2.76944e+02	2.66069e+00	1.77104e+05
1.70930e+04	2.89788e+02	2.70412e+00	1.76532e+05
1.70617e+04	3.02347e+02	2.76928e+00	1.76409e+05
1.70035e+04	3.12318e+02	2.81874e+00	1.75977e+05
1.69641e+04	3.22389e+02	2.86654e+00	1.75731e+05
1.59888e+04	7.35296e+01	1.83679e+00	1.62460e+05
1.57981e+04	1.07224e+02	1.90678e+00	1.60960e+05
1.43300e+04	1.16273e+02	1.75771e+00	1.46220e+05
1.42462e+04	1.28092e+02	1.79465e+00	1.45537e+05
1.41926e+04	1.38122e+02	1.83973e+00	1.45147e+05
1.41687e+04	1.46383e+02	1.88876e+00	1.45039e+05
1.41243e+04	1.54764e+02	1.93834e+00	1.44729e+05
1.40943e+04	1.62418e+02	1.98259e+00	1.44550e+05
1.40733e+04	1.68628e+02	2.02001e+00	1.44439e+05
1.40618e+04	1.74530e+02	2.06345e+00	1.44426e+05
1.34359e+04	4.16700e+01	1.27854e+00	1.36055e+05
1.33298e+04	5.99938e+01	1.34633e+00	1.35244e+05
1.32521e+04	6.98081e+01	1.39191e+00	1.34611e+05
1.32399e+04	7.86573e+01	1.45182e+00	1.34638e+05
1.31933e+04	8.56276e+01	1.49630e+00	1.34286e+05
1.31573e+04	9.10109e+01	1.53446e+00	1.34017e+05
1.31323e+04	9.71942e+01	1.58004e+00	1.33875e+05
1.30938e+04	1.02755e+02	1.61846e+00	1.33584e+05
1.30630e+04	1.07818e+02	1.66389e+00	1.33372e+05
1.30568e+04	1.12891e+02	1.70249e+00	1.33400e+05
1.25813e+04	2.86054e+01	1.03973e+00	1.27139e+05
1.25642e+04	4.21770e+01	1.13356e+00	1.27197e+05
1.24972e+04	4.82188e+01	1.17637e+00	1.26631e+05
1.24915e+04	5.38971e+01	1.23102e+00	1.26685e+05
1.24593e+04	5.83339e+01	1.27497e+00	1.26451e+05
1.24062e+04	6.24154e+01	1.31027e+00	1.25996e+05
1.23964e+04	6.63944e+01	1.34784e+00	1.25976e+05
1.23597e+04	7.02701e+01	1.38140e+00	1.25682e+05
1.23655e+04	7.37644e+01	1.41755e+00	1.25811e+05
1.23518e+04	7.72489e+01	1.45129e+00	1.25742e+05
1.19456e+04	2.04172e+01	8.80631e-01	1.20541e+05
1.30470e+04	3.22367e+01	1.07455e+00	1.31867e+05
1.30026e+04	3.71861e+01	1.13009e+00	1.31528e+05
1.29542e+04	4.09702e+01	1.17433e+00	1.31126e+05
1.29318e+04	4.41623e+01	1.21386e+00	1.30974e+05
1.29086e+04	4.70513e+01	1.25065e+00	1.30808e+05
1.28772e+04	5.00056e+01	1.28720e+00	1.30559e+05
1.28628e+04	5.25533e+01	1.31997e+00	1.30474e+05
1.28436e+04	5.50120e+01	1.34808e+00	1.30334e+05
1.28295e+04	5.71118e+01	1.37087e+00	1.30237e+05
1.24509e+04	1.54659e+01	8.28016e-01	1.25492e+05
1.28792e+04	2.24678e+01	9.42007e-01	1.29959e+05
1.28325e+04	2.59488e+01	9.91352e-01	1.29576e+05
1.27908e+04	2.89899e+01	1.03578e+00	1.29233e+05
1.27630e+04	3.16134e+01	1.07737e+00	1.29023e+05
1.27534e+04	3.40412e+01	1.11751e+00	1.28991e+05
1.27456e+04	3.63937e+01	1.15415e+00	1.28974e+05
1.27250e+04	3.84703e+01	1.18270e+00	1.28817e+05
1.27073e+04	4.04752e+01	1.20866e+00	1.28687e+05
1.26881e+04	4.23449e+01	1.23277e+00	1.28537e+05
1.23569e+04	1.17556e+01	7.42968e-01	1.24430e+05
1.23335e+04	1.73036e+01	8.16419e-01	1.24324e+05
1.22983e+04	2.01329e+01	8.60560e-01	1.24045e+05
1.22618e+04	2.23973e+01	9.02700e-01	1.23744e+05
1.22414e+04	2.45357e+01	9.42580e-01	1.23602e+05
1.22161e+04	2.63084e+01	9.75972e-01	1.23400e+05
1.21924e+04	2.80332e+01	1.00661e+00	1.23211e+05
1.21804e+04	2.96367e+01	1.03478e+00	1.23135e+05
1.21635e+04	3.11429e+01	1.06031e+00	1.23007e+05
1.21500e+04	3.23096e+01	1.08058e+00	1.22904e+05
1.18580e+04	9.25559e+00	6.49518e-01	1.19322e+05
1.18170e+04	1.27475e+01	6.99358e-01	1.18997e+05
1.17855e+04	1.48076e+01	7.47462e-01	1.18750e+05
1.17617e+04	1.65376e+01	7.84576e-01	1.18567e+05
1.17455e+04	1.80824e+01	8.18687e-01	1.18455e+05
1.17238e+04	1.94951e+01	8.49573e-01	1.18282e+05
1.17025e+04	2.07842e+01	8.76825e-01	1.18110e+05
1.16882e+04	2.20775e+01	9.02452e-01	1.18005e+05
1.16759e+04	2.32339e+01	9.25818e-01	1.17918e+05
1.16676e+04	2.41935e+01	9.45732e-01	1.17863e+05
