1.15608e+05	1.36556e+04	5.55611e+01	1.34820e+06
3.96789e+04	4.85835e+03	9.35514e+00	4.54727e+05
4.37340e+04	4.16526e+03	8.89053e+00	4.87884e+05
4.55335e+04	4.14001e+03	9.14658e+00	5.05882e+05
4.51874e+04	4.16472e+03	9.04799e+00	5.02569e+05
4.50337e+04	4.19559e+03	9.09602e+00	5.01389e+05
4.48419e+04	4.22707e+03	9.15861e+00	4.99849e+05
4.46231e+04	4.23689e+03	9.24417e+00	4.97844e+05
4.45968e+04	4.27460e+03	9.36799e+00	4.98082e+05
4.43313e+04	4.31247e+03	9.43772e+00	4.95876e+05
3.72621e+04	8.94794e+02	8.82875e+00	3.90397e+05
3.04044e+04	1.30417e+03	6.01202e+00	3.23098e+05
3.06765e+04	1.54917e+03	5.74518e+00	3.28002e+05
2.94821e+04	1.64715e+03	5.42651e+00	3.16719e+05
2.92975e+04	1.71852e+03	5.39752e+00	3.15557e+05
2.93031e+04	1.78358e+03	5.47245e+00	3.16340e+05
2.92015e+04	1.83510e+03	5.53307e+00	3.15899e+05
2.92789e+04	1.87600e+03	5.64021e+00	3.17190e+05
2.92356e+04	1.90857e+03	5.73805e+00	3.17179e+05
2.91273e+04	1.93533e+03	5.81558e+00	3.16442e+05
2.57234e+04	4.19842e+02	4.95680e+00	2.66389e+05
2.44779e+04	6.75671e+02	4.26931e+00	2.55805e+05
2.43591e+04	8.18999e+02	4.10053e+00	2.55882e+05
2.42540e+04	8.94133e+02	4.05827e+00	2.55539e+05
2.40888e+04	9.41272e+02	4.06203e+00	2.54363e+05
2.39853e+04	9.74590e+02	4.10090e+00	2.53699e+05
2.38662e+04	9.98744e+02	4.14746e+00	2.52797e+05
2.37640e+04	1.01849e+03	4.20175e+00	2.52026e+05
2.37147e+04	1.03703e+03	4.26156e+00	2.51779e+05
2.36285e+04	1.05126e+03	4.31574e+00	2.51114e+05
2.15997e+04	2.32256e+02	3.42026e+00	2.21740e+05
2.12592e+04	3.90426e+02	3.24770e+00	2.19744e+05
2.11265e+04	4.73581e+02	3.19861e+00	2.19200e+05
2.09749e+04	5.19885e+02	3.20819e+00	2.18156e+05
2.08501e+04	5.52769e+02	3.23917e+00	2.17268e+05
2.07671e+04	5.77288e+02	3.27682e+00	2.16721e+05
2.07205e+04	5.94205e+02	3.32092e+00	2.16468e+05
2.07112e+04	6.13317e+02	3.37822e+00	2.16623e+05
2.06780e+04	6.29068e+02	3.42999e+00	2.16501e+05
2.05636e+04	6.38735e+02	3.46834e+00	2.15492e+05
1.91023e+04	1.43640e+02	2.58322e+00	1.95042e+05
1.85194e+04	2.32606e+02	2.49678e+00	1.90017e+05
1.82910e+04	2.75945e+02	2.46432e+00	1.88134e+05
1.81906e+04	3.04513e+02	2.49309e+00	1.87444e+05
1.81101e+04	3.23195e+02	2.53006e+00	1.86863e+05
1.80763e+04	3.38759e+02	2.57866e+00	1.86730e+05
1.80411e+04	3.49735e+02	2.62448e+00	1.86533e+05
1.79991e+04	3.59904e+02	2.66412e+00	1.86254e+05
1.79343e+04	3.67861e+02	2.70547e+00	1.85727e+05
1.78935e+04	3.75528e+02	2.73842e+00	1.85429e+05
1.68718e+04	8.58233e+01	1.96033e+00	1.71536e+05
1.68541e+04	1.44269e+02	2.01202e+00	1.71996e+05
1.67913e+04	1.77451e+02	2.03311e+00	1.71721e+05
1.67523e+04	1.96940e+02	2.07455e+00	1.71567e+05
1.66624e+04	2.10013e+02	2.10709e+00	1.70832e+05
1.65524e+04	2.19576e+02	2.14069e+00	1.69860e+05
1.65016e+04	2.26303e+02	2.18113e+00	1.69460e+05
1.64699e+04	2.32380e+02	2.22246e+00	1.69246e+05
1.64658e+04	2.38487e+02	2.26125e+00	1.69304e+05
1.64182e+04	2.44514e+02	2.29324e+00	1.68920e+05
1.56009e+04	5.74069e+01	1.57717e+00	1.58161e+05
1.55056e+04	9.48223e+01	1.63884e+00	1.57643e+05
1.55726e+04	1.13713e+02	1.69448e+00	1.58558e+05
1.55128e+04	1.26916e+02	1.74173e+00	1.58139e+05
1.54602e+04	1.35187e+02	1.78262e+00	1.57736e+05
1.54150e+04	1.43319e+02	1.82064e+00	1.57404e+05
1.53917e+04	1.49884e+02	1.86373e+00	1.57280e+05
1.53453e+04	1.55865e+02	1.90163e+00	1.56913e+05
1.53175e+04	1.60516e+02	1.93252e+00	1.56713e+05
1.52888e+04	1.65363e+02	1.96308e+00	1.56505e+05
1.46666e+04	4.05859e+01	1.32212e+00	1.48394e+05
1.46804e+04	6.33443e+01	1.39496e+00	1.48833e+05
1.46661e+04	7.50333e+01	1.43985e+00	1.48851e+05
1.46278e+04	8.30699e+01	1.48178e+00	1.48591e+05
1.45948e+04	8.90693e+01	1.52034e+00	1.48359e+05
1.46271e+04	9.44973e+01	1.56456e+00	1.48780e+05
1.45939e+04	9.90057e+01	1.60260e+00	1.48531e+05
1.45765e+04	1.03448e+02	1.63790e+00	1.48438e+05
1.45650e+04	1.07559e+02	1.66495e+00	1.48390e+05
1.45476e+04	1.11418e+02	1.68530e+00	1.48275e+05
1.40497e+04	2.73248e+01	1.10793e+00	1.41879e+05
1.39995e+04	4.15208e+01	1.17961e+00	1.41590e+05
1.39842e+04	5.01829e+01	1.23328e+00	1.41577e+05
1.39665e+04	5.62027e+01	1.27595e+00	1.41503e+05
1.39129e+04	6.09863e+01	1.31614e+00	1.41055e+05
1.38900e+04	6.59432e+01	1.35652e+00	1.40916e+05
1.38520e+04	7.08401e+01	1.39168e+00	1.40620e+05
1.38339e+04	7.42241e+01	1.42357e+00	1.40504e+05
1.38398e+04	7.76286e+01	1.45180e+00	1.40626e+05
1.38084e+04	8.01473e+01	1.47568e+00	1.40362e+05
1.33915e+04	1.98217e+01	9.53254e-01	1.35067e+05
1.33757e+04	3.00294e+01	1.01849e+00	1.35076e+05
1.33160e+04	3.59098e+01	1.06558e+00	1.34585e+05
1.32787e+04	4.09432e+01	1.11194e+00	1.34308e+05
1.32701e+04	4.50208e+01	1.14861e+00	1.34300e+05
1.32433e+04	4.95385e+01	1.18503e+00	1.34113e+05
1.32140e+04	5.31046e+01	1.21559e+00	1.33886e+05
1.31949e+04	5.66169e+01	1.24419e+00	1.33760e+05
1.31666e+04	5.99096e+01	1.27426e+00	1.33540e+05
1.31560e+04	6.33339e+01	1.30061e+00	1.33494e+05
