1.13267e+05	1.95868e+04	5.12561e+01	1.37979e+06
4.62120e+04	4.62629e+03	9.33369e+00	5.17717e+05
4.00978e+04	3.70617e+03	6.78410e+00	4.44824e+05
4.01188e+04	3.55842e+03	6.66473e+00	4.43437e+05
3.99306e+04	3.53802e+03	6.67534e+00	4.41362e+05
3.69149e+04	3.38322e+03	6.28219e+00	4.09264e+05
3.68266e+04	3.34917e+03	6.32453e+00	4.08082e+05
3.68429e+04	3.32763e+03	6.46046e+00	4.08166e+05
3.67266e+04	3.33785e+03	6.55254e+00	4.07197e+05
3.67472e+04	3.35125e+03	6.67093e+00	4.07656e+05
3.23176e+04	6.17461e+02	6.59152e+00	3.35942e+05
3.42304e+04	1.18334e+03	5.80161e+00	3.59939e+05
3.50979e+04	1.53439e+03	5.61033e+00	3.71934e+05
3.45767e+04	1.71153e+03	5.48890e+00	3.68372e+05
3.34244e+04	1.78769e+03	5.42197e+00	3.57543e+05
3.32397e+04	1.85252e+03	5.54042e+00	3.56463e+05
3.31126e+04	1.90441e+03	5.67244e+00	3.55843e+05
3.30431e+04	1.94899e+03	5.81418e+00	3.55735e+05
3.29646e+04	1.97928e+03	5.95276e+00	3.55391e+05
3.28631e+04	2.00471e+03	6.07525e+00	3.54753e+05
2.96612e+04	3.55085e+02	5.16777e+00	3.05330e+05
3.05490e+04	6.79305e+02	4.67633e+00	3.16960e+05
2.86501e+04	8.30047e+02	4.26345e+00	2.99064e+05
2.89023e+04	9.39883e+02	4.38232e+00	3.02804e+05
2.87465e+04	1.01292e+03	4.48206e+00	3.02076e+05
2.85531e+04	1.06358e+03	4.58512e+00	3.00752e+05
2.83756e+04	1.10259e+03	4.69183e+00	2.99474e+05
2.82874e+04	1.14083e+03	4.79926e+00	2.99081e+05
2.81619e+04	1.16877e+03	4.89847e+00	2.98205e+05
2.80421e+04	1.19294e+03	4.98704e+00	2.97338e+05
2.58350e+04	2.12266e+02	3.82059e+00	2.64293e+05
2.69415e+04	3.93779e+02	3.71376e+00	2.77067e+05
2.65287e+04	4.94009e+02	3.64172e+00	2.73869e+05
2.63604e+04	5.60241e+02	3.71440e+00	2.72920e+05
2.62101e+04	6.02313e+02	3.82345e+00	2.71948e+05
2.59582e+04	6.31325e+02	3.89223e+00	2.69787e+05
2.59061e+04	6.58086e+02	3.99251e+00	2.69635e+05
2.57887e+04	6.77253e+02	4.08237e+00	2.68742e+05
2.57168e+04	6.92431e+02	4.17570e+00	2.68268e+05
2.56336e+04	7.07406e+02	4.27432e+00	2.67684e+05
2.40208e+04	1.24053e+02	2.99765e+00	2.44446e+05
2.36222e+04	2.22314e+02	2.83156e+00	2.41277e+05
2.29986e+04	2.76106e+02	2.81814e+00	2.35565e+05
2.34016e+04	3.12847e+02	2.97683e+00	2.40122e+05
2.32508e+04	3.39517e+02	3.09601e+00	2.38999e+05
2.31077e+04	3.59703e+02	3.20116e+00	2.37875e+05
2.30121e+04	3.77375e+02	3.29359e+00	2.37188e+05
2.23759e+04	3.85652e+02	3.31238e+00	2.30928e+05
2.23094e+04	3.99025e+02	3.37866e+00	2.30463e+05
2.22449e+04	4.11928e+02	3.44621e+00	2.30014e+05
2.10978e+04	7.40606e+01	2.26570e+00	2.13985e+05
2.14320e+04	1.34578e+02	2.34356e+00	2.18010e+05
2.11686e+04	1.75357e+02	2.42085e+00	2.15860e+05
2.09767e+04	2.06278e+02	2.50093e+00	2.14330e+05
2.08643e+04	2.30092e+02	2.58114e+00	2.13525e+05
2.07515e+04	2.47909e+02	2.66755e+00	2.12661e+05
2.06648e+04	2.61143e+02	2.73791e+00	2.11997e+05
2.05861e+04	2.72472e+02	2.81359e+00	2.11399e+05
2.05505e+04	2.83997e+02	2.89793e+00	2.11243e+05
2.05072e+04	2.93488e+02	2.97696e+00	2.10983e+05
1.95225e+04	5.35008e+01	1.90124e+00	1.97662e+05
1.88538e+04	9.45967e+01	1.85842e+00	1.91343e+05
1.87255e+04	1.19915e+02	1.93185e+00	1.90386e+05
1.85980e+04	1.39429e+02	2.01658e+00	1.89391e+05
1.85120e+04	1.54776e+02	2.09093e+00	1.88759e+05
1.84266e+04	1.66466e+02	2.16727e+00	1.88098e+05
1.83334e+04	1.77091e+02	2.23759e+00	1.87343e+05
1.82784e+04	1.85672e+02	2.30646e+00	1.86947e+05
1.82337e+04	1.92496e+02	2.36720e+00	1.86629e+05
1.81785e+04	1.99785e+02	2.42458e+00	1.86207e+05
1.74834e+04	3.74308e+01	1.51974e+00	1.76728e+05
1.73580e+04	6.73682e+01	1.55359e+00	1.75807e+05
1.72315e+04	8.67263e+01	1.61853e+00	1.74801e+05
1.71459e+04	1.00045e+02	1.69324e+00	1.74152e+05
1.70712e+04	1.11002e+02	1.76577e+00	1.73588e+05
1.69972e+04	1.19235e+02	1.83298e+00	1.72997e+05
1.69245e+04	1.26802e+02	1.89467e+00	1.72407e+05
1.68648e+04	1.34774e+02	1.95972e+00	1.71956e+05
1.68176e+04	1.41468e+02	2.00955e+00	1.71600e+05
1.52744e+04	1.37179e+02	1.90837e+00	1.56024e+05
1.48082e+04	2.45096e+01	1.11845e+00	1.49445e+05
1.60640e+04	4.79747e+01	1.29577e+00	1.62416e+05
1.60663e+04	6.23150e+01	1.37391e+00	1.62660e+05
1.60367e+04	7.23441e+01	1.44281e+00	1.62533e+05
1.40877e+04	7.23931e+01	1.32392e+00	1.42925e+05
1.40311e+04	7.62313e+01	1.35905e+00	1.42433e+05
1.44561e+04	8.32358e+01	1.44646e+00	1.46840e+05
1.44421e+04	8.88606e+01	1.50320e+00	1.46812e+05
1.44187e+04	9.36371e+01	1.55045e+00	1.46674e+05
1.43903e+04	9.77408e+01	1.59424e+00	1.46475e+05
1.52014e+04	2.10795e+01	1.06986e+00	1.53294e+05
1.50623e+04	3.63227e+01	1.11942e+00	1.52106e+05
1.49856e+04	4.53175e+01	1.19199e+00	1.51502e+05
1.49164e+04	5.21299e+01	1.25269e+00	1.50938e+05
1.48452e+04	5.76011e+01	1.30687e+00	1.50335e+05
1.48012e+04	6.24242e+01	1.36130e+00	1.49998e+05
1.47633e+04	6.69052e+01	1.41568e+00	1.49717e+05
1.47270e+04	7.11428e+01	1.46347e+00	1.49445e+05
1.46955e+04	7.49023e+01	1.50805e+00	1.49212e+05
1.46807e+04	7.91813e+01	1.55204e+00	1.49151e+05
