2.56408e+05	2.75962e+04	1.42356e+02	2.98239e+06
3.71480e+04	1.60856e+03	1.51643e+01	4.02730e+05
3.27439e+04	7.15976e+02	6.74606e+00	3.41345e+05
3.24894e+04	5.36626e+02	5.33276e+00	3.35593e+05
3.22503e+04	4.90170e+02	4.92117e+00	3.32326e+05
3.20162e+04	4.71539e+02	4.80661e+00	3.29684e+05
3.31786e+04	4.68982e+02	4.88240e+00	3.41358e+05
3.29961e+04	4.72373e+02	4.94044e+00	3.39625e+05
3.17338e+04	4.76425e+02	4.96304e+00	3.27065e+05
3.16640e+04	4.85642e+02	5.04983e+00	3.26547e+05
3.04133e+04	4.64487e+01	2.88305e+00	3.07481e+05
2.99272e+04	8.08141e+01	2.95444e+00	3.03035e+05
3.05776e+04	1.12539e+02	3.15242e+00	3.10054e+05
3.03828e+04	1.42339e+02	3.29384e+00	3.08545e+05
3.02066e+04	1.68743e+02	3.41681e+00	3.07171e+05
2.92302e+04	1.91820e+02	3.48767e+00	2.97708e+05
2.91745e+04	2.13795e+02	3.59790e+00	2.97481e+05
2.90605e+04	2.33673e+02	3.70841e+00	2.96650e+05
2.89231e+04	2.53076e+02	3.82200e+00	2.95584e+05
2.88685e+04	2.70123e+02	3.92859e+00	2.95315e+05
2.78385e+04	2.97874e+01	2.35797e+00	2.81041e+05
2.76687e+04	5.57283e+01	2.43652e+00	2.79681e+05
2.75064e+04	7.76175e+01	2.53109e+00	2.78372e+05
2.73669e+04	9.90670e+01	2.65256e+00	2.77313e+05
2.72022e+04	1.18397e+02	2.74832e+00	2.75954e+05
2.70490e+04	1.37079e+02	2.84337e+00	2.74704e+05
2.69128e+04	1.54499e+02	2.93424e+00	2.73607e+05
2.67924e+04	1.70687e+02	3.01967e+00	2.72650e+05
2.67196e+04	1.85565e+02	3.10269e+00	2.72154e+05
2.66585e+04	2.00015e+02	3.18892e+00	2.71774e+05
2.58552e+04	2.25475e+01	1.92754e+00	2.60705e+05
2.56727e+04	4.02164e+01	1.97946e+00	2.59109e+05
2.54658e+04	5.51738e+01	2.04481e+00	2.57255e+05
2.53493e+04	7.01255e+01	2.13659e+00	2.56331e+05
2.52229e+04	8.32798e+01	2.21134e+00	2.55273e+05
2.51607e+04	9.56501e+01	2.28968e+00	2.54853e+05
2.51229e+04	1.07962e+02	2.37326e+00	2.54682e+05
2.50338e+04	1.19357e+02	2.44925e+00	2.53980e+05
2.49906e+04	1.30137e+02	2.52666e+00	2.53734e+05
2.49782e+04	1.40828e+02	2.60565e+00	2.53796e+05
2.42786e+04	1.60396e+01	1.56985e+00	2.44516e+05
2.40681e+04	3.01088e+01	1.64674e+00	2.42629e+05
2.39736e+04	4.29737e+01	1.73980e+00	2.41905e+05
2.38255e+04	5.48282e+01	1.82512e+00	2.40629e+05
2.37567e+04	6.55015e+01	1.89895e+00	2.40121e+05
2.36799e+04	7.56934e+01	1.98019e+00	2.39536e+05
2.36103e+04	8.52038e+01	2.05655e+00	2.39011e+05
2.35474e+04	9.45916e+01	2.12470e+00	2.38545e+05
2.34260e+04	1.03624e+02	2.18484e+00	2.37481e+05
2.34029e+04	1.12285e+02	2.24916e+00	2.37401e+05
2.28375e+04	1.35386e+01	1.35282e+00	2.29864e+05
2.28173e+04	2.49011e+01	1.42332e+00	2.29845e+05
2.27338e+04	3.39303e+01	1.49133e+00	2.29169e+05
2.26801e+04	4.26455e+01	1.56795e+00	2.28796e+05
2.26060e+04	5.07092e+01	1.63360e+00	2.28201e+05
2.25422e+04	5.83283e+01	1.70000e+00	2.27705e+05
2.25050e+04	6.51464e+01	1.76022e+00	2.27462e+05
2.23643e+04	7.14005e+01	1.81468e+00	2.26171e+05
2.22193e+04	7.72754e+01	1.86714e+00	2.24833e+05
2.21812e+04	8.32276e+01	1.91700e+00	2.24562e+05
2.17186e+04	1.05022e+01	1.14732e+00	2.18438e+05
2.18152e+04	1.82662e+01	1.21307e+00	2.19548e+05
2.17203e+04	2.47012e+01	1.28236e+00	2.18732e+05
2.16890e+04	3.05819e+01	1.34955e+00	2.18545e+05
2.16459e+04	3.64975e+01	1.41479e+00	2.18238e+05
2.16183e+04	4.23128e+01	1.47761e+00	2.18084e+05
2.15787e+04	4.75286e+01	1.53200e+00	2.17794e+05
2.15180e+04	5.24556e+01	1.58340e+00	2.17288e+05
1.98221e+04	5.61491e+01	1.56456e+00	2.00347e+05
1.97923e+04	6.06302e+01	1.60193e+00	2.00132e+05
1.94248e+04	7.99623e+00	9.43428e-01	1.95272e+05
1.94150e+04	1.37816e+01	9.97810e-01	1.95286e+05
1.93528e+04	1.87277e+01	1.06293e+00	1.94778e+05
1.93340e+04	2.37625e+01	1.12913e+00	1.94707e+05
1.92540e+04	2.86516e+01	1.18280e+00	1.94010e+05
1.92329e+04	3.34697e+01	1.23795e+00	1.93902e+05
1.92143e+04	3.81422e+01	1.29312e+00	1.93818e+05
1.91753e+04	4.23004e+01	1.33654e+00	1.93512e+05
1.91148e+04	4.60994e+01	1.37590e+00	1.92985e+05
1.90854e+04	4.96610e+01	1.41355e+00	1.92764e+05
1.87441e+04	6.97409e+00	8.42663e-01	1.88354e+05
1.86863e+04	1.16950e+01	8.94998e-01	1.87875e+05
1.86438e+04	1.63974e+01	9.68282e-01	1.87571e+05
1.86305e+04	2.08460e+01	1.03298e+00	1.87547e+05
1.85927e+04	2.47727e+01	1.08651e+00	1.87261e+05
1.85649e+04	2.85806e+01	1.13677e+00	1.87072e+05
1.85278e+04	3.20417e+01	1.18072e+00	1.86780e+05
1.85274e+04	3.54593e+01	1.22343e+00	1.86852e+05
1.85084e+04	3.85027e+01	1.26123e+00	1.86731e+05
1.84823e+04	4.13457e+01	1.29593e+00	1.86533e+05
1.81694e+04	5.97674e+00	7.70489e-01	1.82525e+05
1.81735e+04	1.00250e+01	8.19537e-01	1.82655e+05
1.81368e+04	1.33716e+01	8.71201e-01	1.82373e+05
1.81110e+04	1.65149e+01	9.19193e-01	1.82194e+05
1.80838e+04	1.95114e+01	9.67578e-01	1.82001e+05
1.80491e+04	2.23975e+01	1.01028e+00	1.81725e+05
1.80145e+04	2.50450e+01	1.04864e+00	1.81444e+05
1.79965e+04	2.75633e+01	1.08607e+00	1.81326e+05
1.79870e+04	2.98338e+01	1.11878e+00	1.81288e+05
1.79708e+04	3.19882e+01	1.14992e+00	1.81178e+05
