2.72276e+05	2.21490e+04	1.45751e+02	3.09000e+06
3.12631e+04	1.76106e+03	1.76275e+01	3.47869e+05
2.90823e+04	9.73808e+02	8.48974e+00	3.09051e+05
2.85022e+04	8.00894e+02	6.57656e+00	2.99607e+05
2.81400e+04	7.48109e+02	5.90925e+00	2.94791e+05
2.79146e+04	7.43028e+02	5.61081e+00	2.92187e+05
2.77129e+04	7.53645e+02	5.46124e+00	2.90127e+05
2.75019e+04	7.71694e+02	5.39825e+00	2.88135e+05
2.73197e+04	7.87703e+02	5.38407e+00	2.86458e+05
2.71944e+04	8.10538e+02	5.40988e+00	2.85459e+05
2.54446e+04	1.06156e+02	3.46266e+00	2.58971e+05
2.46898e+04	1.80262e+02	3.39788e+00	2.52099e+05
2.43278e+04	2.32558e+02	3.38812e+00	2.48992e+05
2.40732e+04	2.77477e+02	3.42787e+00	2.46935e+05
2.39630e+04	3.15702e+02	3.47592e+00	2.46263e+05
2.37416e+04	3.49687e+02	3.53838e+00	2.44451e+05
2.35758e+04	3.78598e+02	3.60622e+00	2.43150e+05
2.34434e+04	4.08517e+02	3.71203e+00	2.42231e+05
2.33155e+04	4.32541e+02	3.78471e+00	2.41265e+05
2.29762e+04	4.53510e+02	3.83940e+00	2.38136e+05
2.17813e+04	6.14557e+01	2.47910e+00	2.20907e+05
2.15793e+04	1.08718e+02	2.49959e+00	2.19379e+05
2.13586e+04	1.45748e+02	2.55916e+00	2.17603e+05
2.10265e+04	1.78217e+02	2.61394e+00	2.14661e+05
2.08392e+04	2.06723e+02	2.67481e+00	2.13134e+05
2.07391e+04	2.32836e+02	2.74690e+00	2.12466e+05
2.06377e+04	2.55145e+02	2.81839e+00	2.11747e+05
2.05239e+04	2.76456e+02	2.88822e+00	2.10892e+05
2.04399e+04	2.93404e+02	2.94740e+00	2.10280e+05
2.03874e+04	3.10943e+02	3.01661e+00	2.10000e+05
1.94585e+04	4.16067e+01	1.91088e+00	1.96912e+05
1.92367e+04	7.22051e+01	1.91803e+00	1.95007e+05
1.89152e+04	9.46266e+01	1.93507e+00	1.92033e+05
1.87406e+04	1.15687e+02	1.98541e+00	1.90549e+05
1.86308e+04	1.34364e+02	2.04383e+00	1.89696e+05
1.85363e+04	1.49680e+02	2.10347e+00	1.88963e+05
1.84899e+04	1.64326e+02	2.17267e+00	1.88715e+05
1.84045e+04	1.76788e+02	2.23344e+00	1.88047e+05
1.83522e+04	1.88329e+02	2.28887e+00	1.87694e+05
1.83077e+04	1.97970e+02	2.34151e+00	1.87398e+05
1.76607e+04	2.62391e+01	1.44635e+00	1.78316e+05
1.74983e+04	4.52160e+01	1.45973e+00	1.76894e+05
1.73762e+04	6.12423e+01	1.51455e+00	1.75889e+05
1.72899e+04	7.58626e+01	1.58459e+00	1.75243e+05
1.72798e+04	8.89814e+01	1.65013e+00	1.75338e+05
1.72036e+04	1.00735e+02	1.70601e+00	1.74749e+05
1.71653e+04	1.11430e+02	1.76438e+00	1.74531e+05
1.67205e+04	1.20141e+02	1.78757e+00	1.70194e+05
1.66919e+04	1.28881e+02	1.83606e+00	1.70044e+05
1.66926e+04	1.37917e+02	1.89180e+00	1.70197e+05
1.61884e+04	1.88341e+01	1.15751e+00	1.63230e+05
1.60189e+04	3.34210e+01	1.18655e+00	1.61710e+05
1.59250e+04	4.47271e+01	1.23187e+00	1.60929e+05
1.58430e+04	5.49149e+01	1.28880e+00	1.60268e+05
1.57855e+04	6.41551e+01	1.34814e+00	1.59845e+05
1.57400e+04	7.21751e+01	1.39757e+00	1.59520e+05
1.56908e+04	7.92190e+01	1.44762e+00	1.59148e+05
1.56749e+04	8.58872e+01	1.49755e+00	1.59105e+05
1.56450e+04	9.17713e+01	1.54257e+00	1.58910e+05
1.56208e+04	9.67973e+01	1.58274e+00	1.58759e+05
1.52049e+04	1.37428e+01	9.53567e-01	1.53140e+05
1.51490e+04	2.41692e+01	9.93591e-01	1.52725e+05
1.50920e+04	3.15890e+01	1.04371e+00	1.52280e+05
1.50356e+04	3.83385e+01	1.09989e+00	1.51839e+05
1.49897e+04	4.43170e+01	1.15261e+00	1.51492e+05
1.49645e+04	4.95586e+01	1.20199e+00	1.51342e+05
1.49361e+04	5.40861e+01	1.24601e+00	1.51147e+05
1.49103e+04	5.79269e+01	1.28420e+00	1.50966e+05
1.48921e+04	6.15865e+01	1.32215e+00	1.50859e+05
1.48660e+04	6.48290e+01	1.35553e+00	1.50664e+05
1.45309e+04	9.53498e+00	7.97694e-01	1.46202e+05
1.42936e+04	1.63348e+01	8.29153e-01	1.43929e+05
1.42400e+04	2.13946e+01	8.75060e-01	1.43489e+05
1.41934e+04	2.56884e+01	9.24191e-01	1.43115e+05
1.41659e+04	2.96634e+01	9.69992e-01	1.42926e+05
1.41408e+04	3.32995e+01	1.01661e+00	1.42758e+05
1.41209e+04	3.66839e+01	1.05590e+00	1.42632e+05
1.42275e+04	3.99962e+01	1.10340e+00	1.43779e+05
1.42119e+04	4.27383e+01	1.14027e+00	1.43686e+05
1.41907e+04	4.54856e+01	1.17725e+00	1.43539e+05
1.39046e+04	7.38902e+00	6.89067e-01	1.39809e+05
1.40212e+04	1.27466e+01	7.39318e-01	1.41079e+05
1.39576e+04	1.68049e+01	7.81507e-01	1.40526e+05
1.39200e+04	2.03352e+01	8.23914e-01	1.40227e+05
1.38912e+04	2.33217e+01	8.65459e-01	1.40010e+05
1.38725e+04	2.60479e+01	9.05531e-01	1.39891e+05
1.38662e+04	2.85186e+01	9.42910e-01	1.39890e+05
1.38444e+04	3.06401e+01	9.75826e-01	1.39726e+05
1.38306e+04	3.27035e+01	1.00775e+00	1.39640e+05
1.38162e+04	3.46369e+01	1.03780e+00	1.39546e+05
1.35704e+04	5.69315e+00	5.98668e-01	1.36359e+05
1.34698e+04	9.60785e+00	6.33947e-01	1.35428e+05
1.34489e+04	1.26508e+01	6.78309e-01	1.35294e+05
1.34113e+04	1.51898e+01	7.17553e-01	1.34982e+05
1.33775e+04	1.73435e+01	7.54019e-01	1.34702e+05
1.33618e+04	1.93487e+01	7.91084e-01	1.34602e+05
1.33458e+04	2.11801e+01	8.24219e-01	1.34494e+05
1.33228e+04	2.28265e+01	8.53003e-01	1.34310e+05
1.33158e+04	2.43997e+01	8.81779e-01	1.34284e+05
1.33021e+04	2.58966e+01	9.10000e-01	1.34190e+05
