1.41207e+05	1.52295e+04	6.58399e+01	1.63020e+06
4.90418e+04	4.24167e+03	1.25419e+01	5.45376e+05
4.61306e+04	3.42989e+03	1.07289e+01	5.06334e+05
4.70077e+04	3.33974e+03	1.07959e+01	5.14270e+05
4.66133e+04	3.32193e+03	1.08115e+01	5.10164e+05
4.66717e+04	3.34963e+03	1.09577e+01	5.11171e+05
4.52344e+04	3.30511e+03	1.08022e+01	4.96198e+05
4.51550e+04	3.30776e+03	1.08807e+01	4.95508e+05
4.50865e+04	3.31576e+03	1.10071e+01	4.95029e+05
4.50769e+04	3.32929e+03	1.11452e+01	4.95207e+05
3.96711e+04	6.71698e+02	9.95392e+00	4.13382e+05
3.94337e+04	1.14548e+03	8.89427e+00	4.14687e+05
3.88571e+04	1.38325e+03	8.52177e+00	4.10925e+05
3.90838e+04	1.54264e+03	8.60681e+00	4.14872e+05
3.90870e+04	1.64467e+03	8.72313e+00	4.16040e+05
3.88446e+04	1.72206e+03	8.85782e+00	4.14524e+05
3.87094e+04	1.77225e+03	8.97754e+00	4.13795e+05
3.85297e+04	1.81232e+03	9.08635e+00	4.12507e+05
3.84118e+04	1.84357e+03	9.20517e+00	4.11759e+05
3.83109e+04	1.87222e+03	9.30292e+00	4.11134e+05
3.45382e+04	3.76191e+02	7.66489e+00	3.56809e+05
3.51006e+04	6.44222e+02	7.41859e+00	3.64867e+05
3.47733e+04	7.98273e+02	7.34998e+00	3.63065e+05
3.77482e+04	9.78056e+02	8.12989e+00	3.95392e+05
3.75139e+04	1.07547e+03	8.23015e+00	3.94124e+05
3.72353e+04	1.14113e+03	8.31949e+00	3.92084e+05
3.70050e+04	1.18912e+03	8.43856e+00	3.90380e+05
3.69402e+04	1.22487e+03	8.57290e+00	3.90224e+05
3.70009e+04	1.26637e+03	8.72528e+00	3.91398e+05
3.69164e+04	1.29904e+03	8.83571e+00	3.90990e+05
3.36859e+04	2.57159e+02	6.85557e+00	3.46286e+05
3.35115e+04	4.48169e+02	6.66872e+00	3.46266e+05
3.30397e+04	5.60653e+02	6.58704e+00	3.42590e+05
3.02687e+04	5.98949e+02	6.11462e+00	3.14791e+05
3.00093e+04	6.34704e+02	6.15564e+00	3.12595e+05
2.99666e+04	6.68887e+02	6.26459e+00	3.12619e+05
3.00219e+04	6.97493e+02	6.41840e+00	3.13612e+05
2.98824e+04	7.20588e+02	6.51227e+00	3.12542e+05
2.97781e+04	7.42410e+02	6.60164e+00	3.11807e+05
2.97135e+04	7.60488e+02	6.68813e+00	3.11428e+05
2.75373e+04	1.50434e+02	4.93260e+00	2.81810e+05
2.73850e+04	2.54623e+02	4.89256e+00	2.81289e+05
2.71342e+04	3.17504e+02	4.93313e+00	2.79451e+05
2.70944e+04	3.62102e+02	5.04750e+00	2.79613e+05
2.69540e+04	3.97446e+02	5.15545e+00	2.78670e+05
2.67857e+04	4.26408e+02	5.23456e+00	2.77356e+05
2.67336e+04	4.48805e+02	5.33515e+00	2.77160e+05
2.67402e+04	4.69080e+02	5.44554e+00	2.77539e+05
2.66705e+04	4.86224e+02	5.53525e+00	2.77102e+05
2.66012e+04	5.01238e+02	5.60844e+00	2.76633e+05
2.48497e+04	1.00249e+02	4.01703e+00	2.53517e+05
2.50615e+04	1.75094e+02	4.15693e+00	2.56522e+05
2.57474e+04	2.30000e+02	4.40718e+00	2.64181e+05
2.57098e+04	2.66298e+02	4.52010e+00	2.64281e+05
2.56427e+04	2.93497e+02	4.62779e+00	2.63989e+05
2.55321e+04	3.16429e+02	4.72289e+00	2.63208e+05
2.54397e+04	3.35136e+02	4.80392e+00	2.62552e+05
2.53391e+04	3.51059e+02	4.87969e+00	2.61782e+05
2.52589e+04	3.65203e+02	4.95634e+00	2.61197e+05
2.52087e+04	3.76839e+02	5.02866e+00	2.60884e+05
2.36893e+04	7.73832e+01	3.49359e+00	2.41161e+05
2.34764e+04	1.25306e+02	3.56482e+00	2.39582e+05
2.34012e+04	1.56905e+02	3.69045e+00	2.39272e+05
2.33228e+04	1.80425e+02	3.80028e+00	2.38832e+05
2.32680e+04	1.98537e+02	3.90234e+00	2.38568e+05
2.32186e+04	2.11987e+02	3.99592e+00	2.38302e+05
2.31861e+04	2.25415e+02	4.09487e+00	2.38210e+05
2.31203e+04	2.37417e+02	4.17108e+00	2.37748e+05
2.30562e+04	2.48064e+02	4.24354e+00	2.37286e+05
2.29922e+04	2.57549e+02	4.31084e+00	2.36808e+05
2.17638e+04	5.38731e+01	2.91791e+00	2.21095e+05
2.16565e+04	8.53123e+01	3.03071e+00	2.20449e+05
2.14765e+04	1.05269e+02	3.12023e+00	2.18938e+05
2.14189e+04	1.19419e+02	3.22103e+00	2.18604e+05
2.13146e+04	1.32302e+02	3.30356e+00	2.17772e+05
2.12802e+04	1.43660e+02	3.39143e+00	2.17630e+05
2.12188e+04	1.53534e+02	3.45959e+00	2.17183e+05
2.11800e+04	1.63089e+02	3.54226e+00	2.16973e+05
2.11421e+04	1.72551e+02	3.60894e+00	2.16756e+05
2.11257e+04	1.82191e+02	3.67504e+00	2.16754e+05
2.01399e+04	3.83804e+01	2.44460e+00	2.04228e+05
1.94867e+04	5.93238e+01	2.50128e+00	1.97961e+05
1.93918e+04	7.50546e+01	2.60265e+00	1.97271e+05
1.93214e+04	8.75415e+01	2.69715e+00	1.96786e+05
1.92330e+04	9.72623e+01	2.77823e+00	1.96081e+05
1.91520e+04	1.06261e+02	2.85993e+00	1.95442e+05
1.90703e+04	1.14136e+02	2.92371e+00	1.94768e+05
1.89961e+04	1.21091e+02	2.98368e+00	1.94156e+05
1.89558e+04	1.27075e+02	3.04401e+00	1.93873e+05
1.89363e+04	1.32565e+02	3.09365e+00	1.93782e+05
1.81337e+04	2.84697e+01	2.02177e+00	1.83643e+05
1.80075e+04	4.48222e+01	2.11156e+00	1.82635e+05
1.79591e+04	5.63315e+01	2.21045e+00	1.82364e+05
1.78808e+04	6.48842e+01	2.28702e+00	1.81744e+05
1.78548e+04	7.30794e+01	2.36170e+00	1.81640e+05
1.77965e+04	8.01819e+01	2.42874e+00	1.81196e+05
1.77483e+04	8.65192e+01	2.49047e+00	1.80838e+05
1.77077e+04	9.21980e+01	2.54584e+00	1.80545e+05
1.76771e+04	9.76674e+01	2.59984e+00	1.80348e+05
1.76413e+04	1.02704e+02	2.64949e+00	1.80089e+05
