2.59779e+05	2.66589e+04	1.46927e+02	3.01131e+06
3.41687e+04	4.22446e+03	2.25426e+01	4.06475e+05
2.93350e+04	2.49836e+03	1.03773e+01	3.28711e+05
2.89035e+04	2.01905e+03	7.95019e+00	3.17176e+05
2.86899e+04	1.87278e+03	7.12750e+00	3.12754e+05
2.84783e+04	1.81079e+03	6.68394e+00	3.09575e+05
2.82003e+04	1.78981e+03	6.45354e+00	3.06354e+05
2.80277e+04	1.78215e+03	6.30762e+00	3.04406e+05
2.78664e+04	1.77916e+03	6.22152e+00	3.02677e+05
2.77125e+04	1.78242e+03	6.18857e+00	3.01137e+05
2.46569e+04	3.55591e+02	4.64965e+00	2.54775e+05
2.27416e+04	5.27718e+02	4.19514e+00	2.36889e+05
2.30348e+04	6.38245e+02	4.15856e+00	2.40889e+05
2.29198e+04	7.07788e+02	4.07654e+00	2.40352e+05
2.27086e+04	7.53566e+02	4.02078e+00	2.38642e+05
2.25830e+04	7.92398e+02	4.00731e+00	2.37761e+05
2.24707e+04	8.23746e+02	4.01364e+00	2.36958e+05
2.23234e+04	8.53080e+02	4.03383e+00	2.35799e+05
2.22185e+04	8.77911e+02	4.05937e+00	2.35023e+05
2.22230e+04	9.02252e+02	4.10365e+00	2.35357e+05
1.97762e+04	1.89982e+02	2.96879e+00	2.02630e+05
1.88985e+04	3.00092e+02	2.95278e+00	1.94939e+05
1.88944e+04	3.65204e+02	2.95394e+00	1.95550e+05
1.87576e+04	4.09434e+02	2.91858e+00	1.94589e+05
1.86507e+04	4.42350e+02	2.91566e+00	1.93846e+05
1.85729e+04	4.67851e+02	2.92314e+00	1.93331e+05
1.84895e+04	4.88942e+02	2.95176e+00	1.92736e+05
1.97178e+04	5.31954e+02	3.22507e+00	2.05723e+05
1.96440e+04	5.52492e+02	3.27408e+00	2.05239e+05
1.83207e+04	5.41697e+02	3.07723e+00	1.91701e+05
1.83012e+04	1.37253e+02	2.39571e+00	1.86780e+05
1.99391e+04	2.39629e+02	2.91320e+00	2.04700e+05
1.96792e+04	2.89647e+02	2.92300e+00	2.02611e+05
1.78521e+04	2.97962e+02	2.60459e+00	1.84105e+05
1.79069e+04	3.17471e+02	2.63635e+00	1.84880e+05
1.79102e+04	3.33710e+02	2.67033e+00	1.85109e+05
1.77656e+04	3.47240e+02	2.67236e+00	1.83800e+05
1.77991e+04	3.60728e+02	2.70680e+00	1.84305e+05
1.80772e+04	3.78767e+02	2.79633e+00	1.87356e+05
1.82746e+04	3.95766e+02	2.87639e+00	1.89580e+05
1.71589e+04	9.82784e+01	1.96828e+00	1.74540e+05
1.69255e+04	1.53204e+02	2.12830e+00	1.72916e+05
1.68712e+04	1.81370e+02	2.16537e+00	1.72691e+05
1.68069e+04	1.99757e+02	2.19277e+00	1.72259e+05
1.67619e+04	2.15778e+02	2.23026e+00	1.72007e+05
1.67109e+04	2.30703e+02	2.25948e+00	1.71676e+05
1.66786e+04	2.41971e+02	2.27586e+00	1.71481e+05
1.66394e+04	2.54443e+02	2.31175e+00	1.71250e+05
1.66220e+04	2.64183e+02	2.34334e+00	1.71205e+05
1.65904e+04	2.72862e+02	2.37262e+00	1.71006e+05
1.57319e+04	7.09376e+01	1.55783e+00	1.59586e+05
1.52868e+04	1.02678e+02	1.63114e+00	1.55526e+05
1.53509e+04	1.18903e+02	1.69388e+00	1.56392e+05
1.54132e+04	1.31146e+02	1.73818e+00	1.57181e+05
1.53582e+04	1.39637e+02	1.75535e+00	1.56733e+05
1.53104e+04	1.48849e+02	1.77862e+00	1.56372e+05
1.51401e+04	1.56090e+02	1.79107e+00	1.54753e+05
1.51117e+04	1.63034e+02	1.81925e+00	1.54567e+05
1.51012e+04	1.68903e+02	1.84296e+00	1.54544e+05
1.50743e+04	1.73231e+02	1.86609e+00	1.54342e+05
1.44558e+04	4.58118e+01	1.20407e+00	1.46220e+05
1.43295e+04	7.22263e+01	1.33419e+00	1.45351e+05
1.43653e+04	8.53736e+01	1.39071e+00	1.45897e+05
1.43332e+04	9.49475e+01	1.42659e+00	1.45708e+05
1.42631e+04	1.02011e+02	1.44409e+00	1.45096e+05
1.42252e+04	1.07633e+02	1.47631e+00	1.44805e+05
1.42155e+04	1.11674e+02	1.50240e+00	1.44774e+05
1.41984e+04	1.15920e+02	1.52208e+00	1.44665e+05
1.42042e+04	1.20483e+02	1.54702e+00	1.44793e+05
1.41922e+04	1.25082e+02	1.56873e+00	1.44741e+05
1.36646e+04	3.54953e+01	1.00225e+00	1.38003e+05
1.35156e+04	5.32812e+01	1.09756e+00	1.36787e+05
1.34357e+04	6.19971e+01	1.14143e+00	1.36118e+05
1.33760e+04	6.75765e+01	1.17566e+00	1.35611e+05
1.33385e+04	7.27298e+01	1.20827e+00	1.35321e+05
1.33095e+04	7.69882e+01	1.23513e+00	1.35100e+05
1.32923e+04	7.93329e+01	1.25969e+00	1.34976e+05
1.32762e+04	8.13656e+01	1.28398e+00	1.34860e+05
1.32720e+04	8.33295e+01	1.30529e+00	1.34858e+05
1.32513e+04	8.53085e+01	1.32864e+00	1.34695e+05
1.28631e+04	2.48732e+01	8.37734e-01	1.29717e+05
1.28526e+04	3.84628e+01	9.52498e-01	1.29864e+05
1.28017e+04	4.52274e+01	1.00293e+00	1.29472e+05
1.27541e+04	4.90961e+01	1.03111e+00	1.29063e+05
1.27190e+04	5.19718e+01	1.05518e+00	1.28765e+05
1.26965e+04	5.50190e+01	1.08218e+00	1.28598e+05
1.26739e+04	5.77774e+01	1.10361e+00	1.28420e+05
1.26831e+04	6.02255e+01	1.13120e+00	1.28565e+05
1.26654e+04	6.31318e+01	1.16326e+00	1.28449e+05
1.26401e+04	6.55899e+01	1.18616e+00	1.28243e+05
1.22861e+04	2.01988e+01	7.38965e-01	1.23802e+05
1.22282e+04	3.01328e+01	8.28013e-01	1.23412e+05
1.21952e+04	3.40858e+01	8.64799e-01	1.23158e+05
1.21723e+04	3.68278e+01	8.92382e-01	1.22984e+05
1.21649e+04	3.90295e+01	9.15106e-01	1.22954e+05
1.21436e+04	4.09783e+01	9.36989e-01	1.22783e+05
1.21291e+04	4.31904e+01	9.60571e-01	1.22683e+05
1.21201e+04	4.48712e+01	9.80419e-01	1.22630e+05
1.21014e+04	4.64325e+01	9.99255e-01	1.22478e+05
1.20906e+04	4.80223e+01	1.02002e+00	1.22406e+05
